 Math terms in metric/KG solver

Max zeta: 25
Zeta intervals: 500
Epsilon convergence tolerance: 1e-06
zeta_s = 0.7
Write date: 2024-07-08

C1          C2          C3          DF          da_t1        da_t2       da_t3       da_t4

0.0000e+00   -1.0259e+00   5.1479e+02   0.0000e+00   nan   -0.0000e+00   0.0000e+00   0.0000e+00
-1.7576e-02   -1.0259e+00   5.1470e+02   -2.5733e+02   2.1427e-03   -1.8871e-03   2.4650e-07   2.3985e-03
-1.7464e-02   -1.0253e+00   5.1463e+02   -2.5728e+02   3.2114e-03   -3.7685e-03   1.1065e-06   4.7885e-03
-1.7276e-02   -1.0245e+00   5.1451e+02   -2.5721e+02   4.5138e-03   -5.6387e-03   3.2752e-06   7.1613e-03
-1.7015e-02   -1.0232e+00   5.1435e+02   -2.5712e+02   5.8692e-03   -7.4919e-03   7.3716e-06   9.5085e-03
-1.6683e-02   -1.0216e+00   5.1414e+02   -2.5701e+02   7.2394e-03   -9.3227e-03   1.3991e-05   1.1822e-02
-1.6280e-02   -1.0197e+00   5.1389e+02   -2.5687e+02   8.6104e-03   -1.1126e-02   2.3694e-05   1.4093e-02
-1.5809e-02   -1.0174e+00   5.1360e+02   -2.5672e+02   9.9749e-03   -1.2895e-02   3.6992e-05   1.6315e-02
-1.5273e-02   -1.0148e+00   5.1328e+02   -2.5655e+02   1.1328e-02   -1.4626e-02   5.4349e-05   1.8478e-02
-1.4674e-02   -1.0119e+00   5.1291e+02   -2.5636e+02   1.2667e-02   -1.6314e-02   7.6163e-05   2.0578e-02
-1.4016e-02   -1.0086e+00   5.1252e+02   -2.5615e+02   1.3987e-02   -1.7953e-02   1.0277e-04   2.2605e-02
-1.3302e-02   -1.0050e+00   5.1209e+02   -2.5593e+02   1.5287e-02   -1.9539e-02   1.3443e-04   2.4554e-02
-1.2536e-02   -1.0010e+00   5.1164e+02   -2.5570e+02   1.6565e-02   -2.1068e-02   1.7134e-04   2.6419e-02
-1.1723e-02   -9.9681e-01   5.1117e+02   -2.5546e+02   1.7817e-02   -2.2535e-02   2.1360e-04   2.8194e-02
-1.0866e-02   -9.9226e-01   5.1067e+02   -2.5521e+02   1.9041e-02   -2.3935e-02   2.6125e-04   2.9874e-02
-9.9706e-03   -9.8743e-01   5.1016e+02   -2.5495e+02   2.0236e-02   -2.5267e-02   3.1424e-04   3.1454e-02
-9.0414e-03   -9.8230e-01   5.0964e+02   -2.5469e+02   2.1400e-02   -2.6525e-02   3.7245e-04   3.2930e-02
-8.0833e-03   -9.7690e-01   5.0912e+02   -2.5443e+02   2.2530e-02   -2.7708e-02   4.3566e-04   3.4300e-02
-7.1015e-03   -9.7123e-01   5.0859e+02   -2.5416e+02   2.3625e-02   -2.8812e-02   5.0360e-04   3.5559e-02
-6.1012e-03   -9.6529e-01   5.0806e+02   -2.5390e+02   2.4683e-02   -2.9835e-02   5.7594e-04   3.6706e-02
-5.0878e-03   -9.5911e-01   5.0754e+02   -2.5365e+02   2.5702e-02   -3.0774e-02   6.5224e-04   3.7738e-02
-4.0664e-03   -9.5268e-01   5.0704e+02   -2.5339e+02   2.6681e-02   -3.1630e-02   7.3206e-04   3.8656e-02
-3.0424e-03   -9.4603e-01   5.0654e+02   -2.5315e+02   2.7619e-02   -3.2399e-02   8.1486e-04   3.9458e-02
-2.0210e-03   -9.3915e-01   5.0607e+02   -2.5292e+02   2.8513e-02   -3.3081e-02   9.0009e-04   4.0145e-02
-1.0073e-03   -9.3207e-01   5.0562e+02   -2.5271e+02   2.9364e-02   -3.3677e-02   9.8715e-04   4.0717e-02
-6.2080e-06   -9.2479e-01   5.0520e+02   -2.5250e+02   3.0170e-02   -3.4185e-02   1.0754e-03   4.1176e-02
9.7742e-04   -9.1733e-01   5.0481e+02   -2.5232e+02   3.0929e-02   -3.4606e-02   1.1642e-03   4.1523e-02
1.9390e-03   -9.0970e-01   5.0446e+02   -2.5215e+02   3.1642e-02   -3.4942e-02   1.2530e-03   4.1761e-02
2.8743e-03   -9.0190e-01   5.0415e+02   -2.5201e+02   3.2307e-02   -3.5192e-02   1.3409e-03   4.1893e-02
3.7793e-03   -8.9396e-01   5.0388e+02   -2.5189e+02   3.2925e-02   -3.5360e-02   1.4276e-03   4.1922e-02
4.6502e-03   -8.8588e-01   5.0366e+02   -2.5179e+02   3.3494e-02   -3.5446e-02   1.5122e-03   4.1852e-02
5.4835e-03   -8.7767e-01   5.0349e+02   -2.5172e+02   3.4015e-02   -3.5453e-02   1.5942e-03   4.1687e-02
6.2764e-03   -8.6935e-01   5.0338e+02   -2.5167e+02   3.4487e-02   -3.5383e-02   1.6730e-03   4.1431e-02
7.0262e-03   -8.6093e-01   5.0332e+02   -2.5166e+02   3.4911e-02   -3.5241e-02   1.7482e-03   4.1089e-02
7.7305e-03   -8.5242e-01   5.0331e+02   -2.5167e+02   3.5288e-02   -3.5027e-02   1.8192e-03   4.0667e-02
8.3874e-03   -8.4383e-01   5.0337e+02   -2.5171e+02   3.5616e-02   -3.4747e-02   1.8855e-03   4.0170e-02
8.9956e-03   -8.3517e-01   5.0349e+02   -2.5179e+02   3.5898e-02   -3.4403e-02   1.9469e-03   3.9602e-02
9.5539e-03   -8.2646e-01   5.0367e+02   -2.5190e+02   3.6133e-02   -3.4000e-02   2.0030e-03   3.8970e-02
1.0062e-02   -8.1770e-01   5.0392e+02   -2.5204e+02   3.6324e-02   -3.3541e-02   2.0534e-03   3.8279e-02
1.0518e-02   -8.0891e-01   5.0423e+02   -2.5221e+02   3.6470e-02   -3.3031e-02   2.0981e-03   3.7534e-02
1.0924e-02   -8.0010e-01   5.0461e+02   -2.5242e+02   3.6573e-02   -3.2473e-02   2.1368e-03   3.6742e-02
1.1279e-02   -7.9127e-01   5.0506e+02   -2.5266e+02   3.6634e-02   -3.1872e-02   2.1695e-03   3.5908e-02
1.1585e-02   -7.8243e-01   5.0558e+02   -2.5293e+02   3.6654e-02   -3.1232e-02   2.1961e-03   3.5037e-02
1.1842e-02   -7.7361e-01   5.0616e+02   -2.5324e+02   3.6636e-02   -3.0557e-02   2.2166e-03   3.4135e-02
1.2051e-02   -7.6479e-01   5.0681e+02   -2.5358e+02   3.6580e-02   -2.9851e-02   2.2311e-03   3.3206e-02
1.2214e-02   -7.5600e-01   5.0752e+02   -2.5395e+02   3.6488e-02   -2.9119e-02   2.2397e-03   3.2256e-02
1.2332e-02   -7.4723e-01   5.0830e+02   -2.5436e+02   3.6361e-02   -2.8364e-02   2.2425e-03   3.1289e-02
1.2409e-02   -7.3851e-01   5.0914e+02   -2.5480e+02   3.6202e-02   -2.7590e-02   2.2398e-03   3.0311e-02
1.2445e-02   -7.2983e-01   5.1005e+02   -2.5527e+02   3.6013e-02   -2.6802e-02   2.2317e-03   2.9324e-02
1.2442e-02   -7.2120e-01   5.1102e+02   -2.5577e+02   3.5794e-02   -2.6002e-02   2.2185e-03   2.8334e-02
1.2404e-02   -7.1263e-01   5.1205e+02   -2.5630e+02   3.5548e-02   -2.5194e-02   2.2005e-03   2.7343e-02
1.2333e-02   -7.0412e-01   5.1314e+02   -2.5685e+02   3.5276e-02   -2.4381e-02   2.1780e-03   2.6356e-02
1.2231e-02   -6.9568e-01   5.1428e+02   -2.5744e+02   3.4981e-02   -2.3566e-02   2.1512e-03   2.5376e-02
1.2100e-02   -6.8732e-01   5.1548e+02   -2.5805e+02   3.4663e-02   -2.2752e-02   2.1206e-03   2.4405e-02
1.1943e-02   -6.7904e-01   5.1673e+02   -2.5869e+02   3.4325e-02   -2.1942e-02   2.0864e-03   2.3447e-02
1.1762e-02   -6.7084e-01   5.1803e+02   -2.5935e+02   3.3969e-02   -2.1137e-02   2.0490e-03   2.2502e-02
1.1560e-02   -6.6272e-01   5.1938e+02   -2.6004e+02   3.3596e-02   -2.0341e-02   2.0086e-03   2.1575e-02
1.1339e-02   -6.5470e-01   5.2078e+02   -2.6075e+02   3.3208e-02   -1.9556e-02   1.9657e-03   2.0666e-02
1.1101e-02   -6.4677e-01   5.2222e+02   -2.6148e+02   3.2806e-02   -1.8782e-02   1.9206e-03   1.9777e-02
1.0849e-02   -6.3894e-01   5.2370e+02   -2.6223e+02   3.2392e-02   -1.8022e-02   1.8735e-03   1.8910e-02
1.0585e-02   -6.3121e-01   5.2523e+02   -2.6300e+02   3.1967e-02   -1.7277e-02   1.8248e-03   1.8065e-02
1.0310e-02   -6.2357e-01   5.2678e+02   -2.6379e+02   3.1533e-02   -1.6548e-02   1.7748e-03   1.7244e-02
1.0026e-02   -6.1605e-01   5.2838e+02   -2.6459e+02   3.1091e-02   -1.5836e-02   1.7237e-03   1.6447e-02
9.7362e-03   -6.0862e-01   5.3000e+02   -2.6541e+02   3.0643e-02   -1.5143e-02   1.6718e-03   1.5675e-02
9.4409e-03   -6.0130e-01   5.3165e+02   -2.6625e+02   3.0189e-02   -1.4468e-02   1.6193e-03   1.4928e-02
9.1421e-03   -5.9409e-01   5.3334e+02   -2.6709e+02   2.9731e-02   -1.3814e-02   1.5665e-03   1.4207e-02
8.8412e-03   -5.8699e-01   5.3504e+02   -2.6795e+02   2.9269e-02   -1.3179e-02   1.5136e-03   1.3512e-02
8.5395e-03   -5.7999e-01   5.3677e+02   -2.6882e+02   2.8806e-02   -1.2564e-02   1.4608e-03   1.2842e-02
8.2382e-03   -5.7310e-01   5.3852e+02   -2.6970e+02   2.8341e-02   -1.1970e-02   1.4083e-03   1.2198e-02
7.9384e-03   -5.6632e-01   5.4029e+02   -2.7059e+02   2.7875e-02   -1.1397e-02   1.3562e-03   1.1579e-02
7.6410e-03   -5.5965e-01   5.4208e+02   -2.7149e+02   2.7411e-02   -1.0844e-02   1.3047e-03   1.0986e-02
7.3470e-03   -5.5309e-01   5.4387e+02   -2.7239e+02   2.6947e-02   -1.0312e-02   1.2539e-03   1.0417e-02
7.0571e-03   -5.4663e-01   5.4569e+02   -2.7330e+02   2.6485e-02   -9.8004e-03   1.2039e-03   9.8724e-03
6.7720e-03   -5.4029e-01   5.4751e+02   -2.7421e+02   2.6026e-02   -9.3088e-03   1.1549e-03   9.3515e-03
6.4923e-03   -5.3404e-01   5.4934e+02   -2.7513e+02   2.5570e-02   -8.8371e-03   1.1068e-03   8.8538e-03
6.2186e-03   -5.2791e-01   5.5118e+02   -2.7605e+02   2.5118e-02   -8.3849e-03   1.0599e-03   8.3786e-03
5.9512e-03   -5.2188e-01   5.5302e+02   -2.7697e+02   2.4669e-02   -7.9519e-03   1.0142e-03   7.9254e-03
5.6906e-03   -5.1595e-01   5.5487e+02   -2.7790e+02   2.4226e-02   -7.5377e-03   9.6964e-04   7.4935e-03
5.4370e-03   -5.1012e-01   5.5672e+02   -2.7882e+02   2.3787e-02   -7.1417e-03   9.2637e-04   7.0822e-03
5.1907e-03   -5.0440e-01   5.5857e+02   -2.7974e+02   2.3353e-02   -6.7635e-03   8.8438e-04   6.6909e-03
4.9518e-03   -4.9877e-01   5.6041e+02   -2.8067e+02   2.2926e-02   -6.4026e-03   8.4371e-04   6.3187e-03
4.7205e-03   -4.9325e-01   5.6226e+02   -2.8159e+02   2.2504e-02   -6.0584e-03   8.0438e-04   5.9651e-03
4.4969e-03   -4.8782e-01   5.6410e+02   -2.8251e+02   2.2088e-02   -5.7305e-03   7.6639e-04   5.6293e-03
4.2810e-03   -4.8248e-01   5.6594e+02   -2.8343e+02   2.1678e-02   -5.4183e-03   7.2974e-04   5.3106e-03
4.0729e-03   -4.7725e-01   5.6778e+02   -2.8435e+02   2.1275e-02   -5.1212e-03   6.9443e-04   5.0084e-03
3.8724e-03   -4.7210e-01   5.6960e+02   -2.8526e+02   2.0878e-02   -4.8386e-03   6.6045e-04   4.7219e-03
3.6796e-03   -4.6705e-01   5.7142e+02   -2.8616e+02   2.0489e-02   -4.5701e-03   6.2779e-04   4.4504e-03
3.4943e-03   -4.6208e-01   5.7324e+02   -2.8707e+02   2.0105e-02   -4.3151e-03   5.9643e-04   4.1934e-03
3.3164e-03   -4.5721e-01   5.7504e+02   -2.8797e+02   1.9729e-02   -4.0730e-03   5.6635e-04   3.9501e-03
3.1459e-03   -4.5242e-01   5.7683e+02   -2.8886e+02   1.9360e-02   -3.8434e-03   5.3752e-04   3.7199e-03
2.9825e-03   -4.4772e-01   5.7861e+02   -2.8975e+02   1.8998e-02   -3.6256e-03   5.0991e-04   3.5023e-03
2.8261e-03   -4.4310e-01   5.8038e+02   -2.9063e+02   1.8642e-02   -3.4192e-03   4.8351e-04   3.2966e-03
2.6766e-03   -4.3856e-01   5.8214e+02   -2.9150e+02   1.8294e-02   -3.2237e-03   4.5827e-04   3.1022e-03
2.5337e-03   -4.3410e-01   5.8388e+02   -2.9237e+02   1.7953e-02   -3.0385e-03   4.3416e-04   2.9187e-03
2.3973e-03   -4.2972e-01   5.8561e+02   -2.9324e+02   1.7618e-02   -2.8633e-03   4.1116e-04   2.7454e-03
2.2672e-03   -4.2542e-01   5.8733e+02   -2.9409e+02   1.7290e-02   -2.6975e-03   3.8922e-04   2.5819e-03
2.1432e-03   -4.2120e-01   5.8903e+02   -2.9494e+02   1.6969e-02   -2.5407e-03   3.6831e-04   2.4276e-03
2.0250e-03   -4.1705e-01   5.9072e+02   -2.9578e+02   1.6655e-02   -2.3925e-03   3.4840e-04   2.2821e-03
1.9125e-03   -4.1297e-01   5.9240e+02   -2.9661e+02   1.6347e-02   -2.2524e-03   3.2945e-04   2.1449e-03
1.8055e-03   -4.0896e-01   5.9406e+02   -2.9744e+02   1.6046e-02   -2.1201e-03   3.1143e-04   2.0155e-03
1.7037e-03   -4.0503e-01   5.9570e+02   -2.9826e+02   1.5752e-02   -1.9951e-03   2.9429e-04   1.8937e-03
1.6071e-03   -4.0116e-01   5.9733e+02   -2.9907e+02   1.5463e-02   -1.8771e-03   2.7801e-04   1.7789e-03
1.5152e-03   -3.9736e-01   5.9894e+02   -2.9987e+02   1.5181e-02   -1.7658e-03   2.6255e-04   1.6708e-03
1.4281e-03   -3.9362e-01   6.0053e+02   -3.0066e+02   1.4906e-02   -1.6608e-03   2.4787e-04   1.5691e-03
1.3454e-03   -3.8995e-01   6.0211e+02   -3.0145e+02   1.4636e-02   -1.5617e-03   2.3395e-04   1.4733e-03
1.2670e-03   -3.8634e-01   6.0368e+02   -3.0222e+02   1.4372e-02   -1.4683e-03   2.2075e-04   1.3831e-03
1.1927e-03   -3.8280e-01   6.0522e+02   -3.0299e+02   1.4115e-02   -1.3802e-03   2.0824e-04   1.2983e-03
1.1223e-03   -3.7931e-01   6.0675e+02   -3.0375e+02   1.3863e-02   -1.2972e-03   1.9639e-04   1.2185e-03
1.0557e-03   -3.7588e-01   6.0827e+02   -3.0451e+02   1.3616e-02   -1.2190e-03   1.8516e-04   1.1435e-03
9.9261e-04   -3.7251e-01   6.0976e+02   -3.0525e+02   1.3375e-02   -1.1454e-03   1.7454e-04   1.0729e-03
9.3295e-04   -3.6920e-01   6.1124e+02   -3.0599e+02   1.3140e-02   -1.0760e-03   1.6448e-04   1.0066e-03
8.7654e-04   -3.6594e-01   6.1271e+02   -3.0671e+02   1.2910e-02   -1.0107e-03   1.5497e-04   9.4427e-04
8.2322e-04   -3.6273e-01   6.1415e+02   -3.0743e+02   1.2685e-02   -9.4920e-04   1.4598e-04   8.8569e-04
7.7284e-04   -3.5958e-01   6.1558e+02   -3.0815e+02   1.2465e-02   -8.9134e-04   1.3748e-04   8.3065e-04
7.2527e-04   -3.5648e-01   6.1700e+02   -3.0885e+02   1.2250e-02   -8.3690e-04   1.2945e-04   7.7894e-04
6.8035e-04   -3.5343e-01   6.1839e+02   -3.0954e+02   1.2040e-02   -7.8568e-04   1.2186e-04   7.3038e-04
6.3796e-04   -3.5043e-01   6.1978e+02   -3.1023e+02   1.1835e-02   -7.3750e-04   1.1470e-04   6.8477e-04
5.9797e-04   -3.4748e-01   6.2114e+02   -3.1091e+02   1.1634e-02   -6.9219e-04   1.0793e-04   6.4194e-04
5.6026e-04   -3.4457e-01   6.2249e+02   -3.1158e+02   1.1438e-02   -6.4959e-04   1.0155e-04   6.0174e-04
5.2470e-04   -3.4171e-01   6.2382e+02   -3.1224e+02   1.1246e-02   -6.0954e-04   9.5528e-05   5.6400e-04
4.9120e-04   -3.3890e-01   6.2514e+02   -3.1289e+02   1.1059e-02   -5.7190e-04   8.9847e-05   5.2857e-04
4.5963e-04   -3.3613e-01   6.2644e+02   -3.1354e+02   1.0876e-02   -5.3652e-04   8.4489e-05   4.9533e-04
4.2991e-04   -3.3340e-01   6.2772e+02   -3.1418e+02   1.0697e-02   -5.0327e-04   7.9438e-05   4.6414e-04
4.0192e-04   -3.3072e-01   6.2899e+02   -3.1481e+02   1.0522e-02   -4.7204e-04   7.4677e-05   4.3487e-04
3.7558e-04   -3.2808e-01   6.3025e+02   -3.1543e+02   1.0350e-02   -4.4270e-04   7.0191e-05   4.0742e-04
3.5080e-04   -3.2548e-01   6.3149e+02   -3.1605e+02   1.0183e-02   -4.1515e-04   6.5964e-05   3.8167e-04
3.2749e-04   -3.2292e-01   6.3271e+02   -3.1666e+02   1.0019e-02   -3.8927e-04   6.1983e-05   3.5752e-04
3.0557e-04   -3.2040e-01   6.3392e+02   -3.1726e+02   9.8593e-03   -3.6497e-04   5.8233e-05   3.3487e-04
2.8496e-04   -3.1791e-01   6.3511e+02   -3.1785e+02   9.7028e-03   -3.4216e-04   5.4703e-05   3.1363e-04
2.6560e-04   -3.1546e-01   6.3629e+02   -3.1844e+02   9.5497e-03   -3.2074e-04   5.1380e-05   2.9371e-04
2.4742e-04   -3.1305e-01   6.3746e+02   -3.1902e+02   9.4000e-03   -3.0064e-04   4.8253e-05   2.7505e-04
2.3034e-04   -3.1068e-01   6.3861e+02   -3.1959e+02   9.2536e-03   -2.8178e-04   4.5310e-05   2.5755e-04
2.1430e-04   -3.0834e-01   6.3974e+02   -3.2015e+02   9.1104e-03   -2.6407e-04   4.2541e-05   2.4114e-04
1.9925e-04   -3.0603e-01   6.4087e+02   -3.2071e+02   8.9703e-03   -2.4746e-04   3.9937e-05   2.2577e-04
1.8513e-04   -3.0376e-01   6.4197e+02   -3.2126e+02   8.8332e-03   -2.3188e-04   3.7487e-05   2.1136e-04
1.7188e-04   -3.0152e-01   6.4307e+02   -3.2181e+02   8.6990e-03   -2.1726e-04   3.5184e-05   1.9786e-04
1.5947e-04   -2.9932e-01   6.4415e+02   -3.2234e+02   8.5677e-03   -2.0354e-04   3.3018e-05   1.8521e-04
1.4782e-04   -2.9714e-01   6.4522e+02   -3.2287e+02   8.4393e-03   -1.9068e-04   3.0983e-05   1.7336e-04
1.3691e-04   -2.9500e-01   6.4628e+02   -3.2340e+02   8.3135e-03   -1.7862e-04   2.9070e-05   1.6226e-04
1.2669e-04   -2.9288e-01   6.4732e+02   -3.2392e+02   8.1905e-03   -1.6731e-04   2.7272e-05   1.5186e-04
1.1712e-04   -2.9080e-01   6.4835e+02   -3.2443e+02   8.0700e-03   -1.5670e-04   2.5582e-05   1.4212e-04
1.0816e-04   -2.8874e-01   6.4937e+02   -3.2494e+02   7.9520e-03   -1.4676e-04   2.3995e-05   1.3299e-04
9.9778e-05   -2.8672e-01   6.5037e+02   -3.2543e+02   7.8365e-03   -1.3743e-04   2.2504e-05   1.2445e-04
9.1933e-05   -2.8472e-01   6.5137e+02   -3.2593e+02   7.7234e-03   -1.2870e-04   2.1104e-05   1.1644e-04
8.4597e-05   -2.8275e-01   6.5235e+02   -3.2642e+02   7.6127e-03   -1.2051e-04   1.9789e-05   1.0895e-04
7.7738e-05   -2.8080e-01   6.5332e+02   -3.2690e+02   7.5042e-03   -1.1283e-04   1.8554e-05   1.0193e-04
7.1328e-05   -2.7888e-01   6.5428e+02   -3.2737e+02   7.3980e-03   -1.0564e-04   1.7395e-05   9.5361e-05
6.5340e-05   -2.7699e-01   6.5522e+02   -3.2785e+02   7.2939e-03   -9.8895e-05   1.6307e-05   8.9210e-05
5.9748e-05   -2.7512e-01   6.5616e+02   -3.2831e+02   7.1920e-03   -9.2578e-05   1.5285e-05   8.3452e-05
5.4529e-05   -2.7328e-01   6.5708e+02   -3.2877e+02   7.0921e-03   -8.6660e-05   1.4327e-05   7.8062e-05
4.9658e-05   -2.7146e-01   6.5800e+02   -3.2922e+02   6.9942e-03   -8.1116e-05   1.3427e-05   7.3016e-05
4.5116e-05   -2.6967e-01   6.5890e+02   -3.2967e+02   6.8982e-03   -7.5922e-05   1.2583e-05   6.8293e-05
4.0881e-05   -2.6790e-01   6.5979e+02   -3.3012e+02   6.8042e-03   -7.1057e-05   1.1791e-05   6.3873e-05
3.6935e-05   -2.6615e-01   6.6067e+02   -3.3055e+02   6.7121e-03   -6.6500e-05   1.1048e-05   5.9736e-05
3.3259e-05   -2.6442e-01   6.6154e+02   -3.3099e+02   6.6217e-03   -6.2231e-05   1.0351e-05   5.5865e-05
2.9838e-05   -2.6272e-01   6.6240e+02   -3.3141e+02   6.5331e-03   -5.8234e-05   9.6969e-06   5.2242e-05
2.6654e-05   -2.6104e-01   6.6325e+02   -3.3184e+02   6.4463e-03   -5.4491e-05   9.0838e-06   4.8853e-05
2.3693e-05   -2.5938e-01   6.6410e+02   -3.3226e+02   6.3611e-03   -5.0985e-05   8.5088e-06   4.5681e-05
2.0941e-05   -2.5774e-01   6.6493e+02   -3.3267e+02   6.2776e-03   -4.7703e-05   7.9697e-06   4.2713e-05
1.8385e-05   -2.5612e-01   6.6575e+02   -3.3308e+02   6.1957e-03   -4.4630e-05   7.4643e-06   3.9937e-05
1.6012e-05   -2.5452e-01   6.6656e+02   -3.3348e+02   6.1153e-03   -4.1753e-05   6.9904e-06   3.7339e-05
1.3811e-05   -2.5294e-01   6.6737e+02   -3.3388e+02   6.0365e-03   -3.9060e-05   6.5461e-06   3.4909e-05
1.1770e-05   -2.5138e-01   6.6816e+02   -3.3428e+02   5.9592e-03   -3.6538e-05   6.1297e-06   3.2636e-05
9.8792e-06   -2.4984e-01   6.6895e+02   -3.3467e+02   5.8833e-03   -3.4178e-05   5.7395e-06   3.0510e-05
8.1292e-06   -2.4832e-01   6.6972e+02   -3.3505e+02   5.8088e-03   -3.1969e-05   5.3737e-06   2.8521e-05
6.5106e-06   -2.4681e-01   6.7049e+02   -3.3544e+02   5.7357e-03   -2.9901e-05   5.0309e-06   2.6661e-05
5.0149e-06   -2.4533e-01   6.7125e+02   -3.3581e+02   5.6640e-03   -2.7966e-05   4.7098e-06   2.4921e-05
3.6339e-06   -2.4386e-01   6.7200e+02   -3.3619e+02   5.5936e-03   -2.6155e-05   4.4088e-06   2.3294e-05
2.3603e-06   -2.4241e-01   6.7274e+02   -3.3656e+02   5.5245e-03   -2.4460e-05   4.1269e-06   2.1773e-05
1.1869e-06   -2.4098e-01   6.7348e+02   -3.3692e+02   5.4566e-03   -2.2874e-05   3.8627e-06   2.0350e-05
1.0705e-07   -2.3956e-01   6.7420e+02   -3.3728e+02   5.3900e-03   -2.1390e-05   3.6153e-06   1.9019e-05
-8.8546e-07   -2.3816e-01   6.7492e+02   -3.3764e+02   5.3246e-03   -2.0001e-05   3.3835e-06   1.7775e-05
-1.7965e-06   -2.3678e-01   6.7563e+02   -3.3799e+02   5.2603e-03   -1.8702e-05   3.1664e-06   1.6612e-05
-2.6315e-06   -2.3541e-01   6.7634e+02   -3.3834e+02   5.1972e-03   -1.7487e-05   2.9631e-06   1.5524e-05
-3.3956e-06   -2.3406e-01   6.7703e+02   -3.3869e+02   5.1352e-03   -1.6350e-05   2.7727e-06   1.4507e-05
-4.0936e-06   -2.3272e-01   6.7772e+02   -3.3903e+02   5.0743e-03   -1.5286e-05   2.5944e-06   1.3556e-05
-4.7301e-06   -2.3140e-01   6.7840e+02   -3.3937e+02   5.0144e-03   -1.4291e-05   2.4275e-06   1.2668e-05
-5.3093e-06   -2.3009e-01   6.7907e+02   -3.3970e+02   4.9557e-03   -1.3360e-05   2.2711e-06   1.1837e-05
-5.8351e-06   -2.2880e-01   6.7974e+02   -3.4004e+02   4.8979e-03   -1.2489e-05   2.1248e-06   1.1060e-05
-6.3112e-06   -2.2752e-01   6.8040e+02   -3.4036e+02   4.8411e-03   -1.1675e-05   1.9877e-06   1.0334e-05
-6.7411e-06   -2.2626e-01   6.8105e+02   -3.4069e+02   4.7853e-03   -1.0914e-05   1.8595e-06   9.6550e-06
-7.1281e-06   -2.2501e-01   6.8170e+02   -3.4101e+02   4.7305e-03   -1.0201e-05   1.7394e-06   9.0206e-06
-7.4751e-06   -2.2377e-01   6.8234e+02   -3.4133e+02   4.6765e-03   -9.5352e-06   1.6270e-06   8.4276e-06
-7.7851e-06   -2.2255e-01   6.8297e+02   -3.4164e+02   4.6235e-03   -8.9122e-06   1.5218e-06   7.8734e-06
-8.0607e-06   -2.2134e-01   6.8360e+02   -3.4195e+02   4.5714e-03   -8.3297e-06   1.4233e-06   7.3554e-06
-8.3044e-06   -2.2014e-01   6.8421e+02   -3.4226e+02   4.5202e-03   -7.7850e-06   1.3311e-06   6.8713e-06
-8.5185e-06   -2.1896e-01   6.8483e+02   -3.4257e+02   4.4698e-03   -7.2757e-06   1.2449e-06   6.4189e-06
-8.7052e-06   -2.1779e-01   6.8543e+02   -3.4287e+02   4.4202e-03   -6.7995e-06   1.1642e-06   5.9961e-06
-8.8664e-06   -2.1663e-01   6.8604e+02   -3.4317e+02   4.3715e-03   -6.3543e-06   1.0887e-06   5.6010e-06
-9.0042e-06   -2.1548e-01   6.8663e+02   -3.4346e+02   4.3236e-03   -5.9380e-06   1.0180e-06   5.2318e-06
-9.1203e-06   -2.1435e-01   6.8722e+02   -3.4376e+02   4.2764e-03   -5.5488e-06   9.5191e-07   4.8868e-06
-9.2163e-06   -2.1323e-01   6.8780e+02   -3.4405e+02   4.2300e-03   -5.1850e-06   8.9006e-07   4.5644e-06
-9.2938e-06   -2.1212e-01   6.8838e+02   -3.4433e+02   4.1844e-03   -4.8448e-06   8.3219e-07   4.2632e-06
-9.3543e-06   -2.1102e-01   6.8895e+02   -3.4462e+02   4.1394e-03   -4.5269e-06   7.7805e-07   3.9818e-06
-9.3990e-06   -2.0993e-01   6.8952e+02   -3.4490e+02   4.0952e-03   -4.2297e-06   7.2741e-07   3.7188e-06
-9.4292e-06   -2.0886e-01   6.9008e+02   -3.4518e+02   4.0517e-03   -3.9519e-06   6.8004e-07   3.4732e-06
-9.4461e-06   -2.0779e-01   6.9063e+02   -3.4545e+02   4.0089e-03   -3.6922e-06   6.3573e-07   3.2437e-06
-9.4508e-06   -2.0673e-01   6.9118e+02   -3.4573e+02   3.9668e-03   -3.4495e-06   5.9428e-07   3.0292e-06
-9.4443e-06   -2.0569e-01   6.9172e+02   -3.4600e+02   3.9253e-03   -3.2227e-06   5.5552e-07   2.8289e-06
-9.4276e-06   -2.0466e-01   6.9226e+02   -3.4627e+02   3.8845e-03   -3.0107e-06   5.1926e-07   2.6418e-06
-9.4015e-06   -2.0363e-01   6.9280e+02   -3.4653e+02   3.8443e-03   -2.8125e-06   4.8536e-07   2.4670e-06
-9.3668e-06   -2.0262e-01   6.9333e+02   -3.4679e+02   3.8047e-03   -2.6274e-06   4.5365e-07   2.3037e-06
-9.3244e-06   -2.0162e-01   6.9385e+02   -3.4705e+02   3.7657e-03   -2.4543e-06   4.2400e-07   2.1511e-06
-9.2748e-06   -2.0062e-01   6.9437e+02   -3.4731e+02   3.7274e-03   -2.2926e-06   3.9628e-07   2.0087e-06
-9.2189e-06   -1.9964e-01   6.9488e+02   -3.4757e+02   3.6896e-03   -2.1415e-06   3.7035e-07   1.8756e-06
-9.1571e-06   -1.9867e-01   6.9539e+02   -3.4782e+02   3.6523e-03   -2.0003e-06   3.4611e-07   1.7513e-06
-9.0901e-06   -1.9770e-01   6.9590e+02   -3.4807e+02   3.6157e-03   -1.8684e-06   3.2345e-07   1.6352e-06
-9.0184e-06   -1.9675e-01   6.9640e+02   -3.4832e+02   3.5796e-03   -1.7451e-06   3.0226e-07   1.5267e-06
-8.9425e-06   -1.9580e-01   6.9689e+02   -3.4857e+02   3.5440e-03   -1.6299e-06   2.8245e-07   1.4254e-06
-8.8628e-06   -1.9487e-01   6.9738e+02   -3.4881e+02   3.5089e-03   -1.5223e-06   2.6393e-07   1.3308e-06
-8.7798e-06   -1.9394e-01   6.9787e+02   -3.4905e+02   3.4744e-03   -1.4217e-06   2.4661e-07   1.2425e-06
-8.6938e-06   -1.9302e-01   6.9835e+02   -3.4929e+02   3.4404e-03   -1.3278e-06   2.3043e-07   1.1600e-06
-8.6052e-06   -1.9211e-01   6.9883e+02   -3.4953e+02   3.4068e-03   -1.2400e-06   2.1530e-07   1.0830e-06
-8.5144e-06   -1.9121e-01   6.9930e+02   -3.4977e+02   3.3738e-03   -1.1580e-06   2.0116e-07   1.0110e-06
-8.4216e-06   -1.9031e-01   6.9977e+02   -3.5000e+02   3.3412e-03   -1.0814e-06   1.8794e-07   9.4383e-07
-8.3271e-06   -1.8943e-01   7.0023e+02   -3.5023e+02   3.3091e-03   -1.0099e-06   1.7558e-07   8.8109e-07
-8.2313e-06   -1.8855e-01   7.0069e+02   -3.5046e+02   3.2775e-03   -9.4305e-07   1.6404e-07   8.2251e-07
-8.1343e-06   -1.8768e-01   7.0115e+02   -3.5069e+02   3.2463e-03   -8.8062e-07   1.5324e-07   7.6781e-07
-8.0363e-06   -1.8682e-01   7.0160e+02   -3.5091e+02   3.2156e-03   -8.2230e-07   1.4316e-07   7.1673e-07
-7.9376e-06   -1.8597e-01   7.0205e+02   -3.5114e+02   3.1853e-03   -7.6782e-07   1.3373e-07   6.6903e-07
-7.8384e-06   -1.8512e-01   7.0249e+02   -3.5136e+02   3.1554e-03   -7.1694e-07   1.2492e-07   6.2450e-07
-7.7388e-06   -1.8429e-01   7.0293e+02   -3.5158e+02   3.1259e-03   -6.6942e-07   1.1669e-07   5.8292e-07
-7.6391e-06   -1.8346e-01   7.0337e+02   -3.5179e+02   3.0969e-03   -6.2503e-07   1.0900e-07   5.4410e-07
-7.5392e-06   -1.8263e-01   7.0380e+02   -3.5201e+02   3.0682e-03   -5.8358e-07   1.0181e-07   5.0786e-07
-7.4394e-06   -1.8182e-01   7.0423e+02   -3.5222e+02   3.0400e-03   -5.4486e-07   9.5095e-08   4.7402e-07
-7.3399e-06   -1.8101e-01   7.0466e+02   -3.5243e+02   3.0121e-03   -5.0870e-07   8.8820e-08   4.4243e-07
-7.2406e-06   -1.8021e-01   7.0508e+02   -3.5264e+02   2.9846e-03   -4.7493e-07   8.2957e-08   4.1293e-07
-7.1417e-06   -1.7941e-01   7.0550e+02   -3.5285e+02   2.9575e-03   -4.4339e-07   7.7478e-08   3.8540e-07
-7.0434e-06   -1.7863e-01   7.0591e+02   -3.5306e+02   2.9308e-03   -4.1394e-07   7.2360e-08   3.5969e-07
-6.9456e-06   -1.7785e-01   7.0632e+02   -3.5326e+02   2.9044e-03   -3.8644e-07   6.7578e-08   3.3570e-07
-6.8485e-06   -1.7707e-01   7.0673e+02   -3.5347e+02   2.8783e-03   -3.6076e-07   6.3111e-08   3.1330e-07
-6.7521e-06   -1.7631e-01   7.0713e+02   -3.5367e+02   2.8527e-03   -3.3677e-07   5.8937e-08   2.9239e-07
-6.6565e-06   -1.7555e-01   7.0754e+02   -3.5387e+02   2.8273e-03   -3.1438e-07   5.5038e-08   2.7287e-07
-6.5617e-06   -1.7479e-01   7.0793e+02   -3.5407e+02   2.8023e-03   -2.9347e-07   5.1396e-08   2.5465e-07
-6.4678e-06   -1.7405e-01   7.0833e+02   -3.5426e+02   2.7777e-03   -2.7395e-07   4.7994e-08   2.3764e-07
-6.3749e-06   -1.7331e-01   7.0872e+02   -3.5446e+02   2.7533e-03   -2.5571e-07   4.4816e-08   2.2176e-07
-6.2829e-06   -1.7257e-01   7.0911e+02   -3.5465e+02   2.7293e-03   -2.3869e-07   4.1848e-08   2.0694e-07
-6.1920e-06   -1.7184e-01   7.0949e+02   -3.5484e+02   2.7056e-03   -2.2280e-07   3.9075e-08   1.9311e-07
-6.1020e-06   -1.7112e-01   7.0987e+02   -3.5503e+02   2.6822e-03   -2.0796e-07   3.6485e-08   1.8020e-07
-6.0132e-06   -1.7041e-01   7.1025e+02   -3.5522e+02   2.6591e-03   -1.9411e-07   3.4066e-08   1.6815e-07
-5.9254e-06   -1.6970e-01   7.1063e+02   -3.5541e+02   2.6362e-03   -1.8117e-07   3.1807e-08   1.5691e-07
-5.8387e-06   -1.6899e-01   7.1100e+02   -3.5559e+02   2.6137e-03   -1.6910e-07   2.9697e-08   1.4641e-07
-5.7531e-06   -1.6829e-01   7.1137e+02   -3.5578e+02   2.5915e-03   -1.5783e-07   2.7726e-08   1.3662e-07
-5.6687e-06   -1.6760e-01   7.1173e+02   -3.5596e+02   2.5696e-03   -1.4730e-07   2.5886e-08   1.2747e-07
-5.5854e-06   -1.6691e-01   7.1210e+02   -3.5614e+02   2.5479e-03   -1.3748e-07   2.4167e-08   1.1894e-07
-5.5032e-06   -1.6623e-01   7.1246e+02   -3.5632e+02   2.5265e-03   -1.2831e-07   2.2562e-08   1.1098e-07
-5.4222e-06   -1.6556e-01   7.1282e+02   -3.5650e+02   2.5054e-03   -1.1974e-07   2.1063e-08   1.0355e-07
-5.3423e-06   -1.6489e-01   7.1317e+02   -3.5667e+02   2.4845e-03   -1.1175e-07   1.9663e-08   9.6610e-08
-5.2636e-06   -1.6422e-01   7.1352e+02   -3.5685e+02   2.4639e-03   -1.0429e-07   1.8356e-08   9.0138e-08
-5.1861e-06   -1.6356e-01   7.1387e+02   -3.5702e+02   2.4436e-03   -9.7327e-08   1.7136e-08   8.4099e-08
-5.1097e-06   -1.6291e-01   7.1422e+02   -3.5720e+02   2.4235e-03   -9.0826e-08   1.5996e-08   7.8463e-08
-5.0344e-06   -1.6226e-01   7.1456e+02   -3.5737e+02   2.4036e-03   -8.4758e-08   1.4932e-08   7.3203e-08
-4.9603e-06   -1.6162e-01   7.1491e+02   -3.5754e+02   2.3840e-03   -7.9095e-08   1.3938e-08   6.8295e-08
-4.8873e-06   -1.6098e-01   7.1525e+02   -3.5771e+02   2.3646e-03   -7.3808e-08   1.3010e-08   6.3716e-08
-4.8154e-06   -1.6034e-01   7.1558e+02   -3.5787e+02   2.3455e-03   -6.8874e-08   1.2144e-08   5.9442e-08
-4.7447e-06   -1.5971e-01   7.1592e+02   -3.5804e+02   2.3266e-03   -6.4269e-08   1.1335e-08   5.5455e-08
-4.6750e-06   -1.5909e-01   7.1625e+02   -3.5821e+02   2.3079e-03   -5.9971e-08   1.0580e-08   5.1734e-08
-4.6065e-06   -1.5847e-01   7.1658e+02   -3.5837e+02   2.2895e-03   -5.5959e-08   9.8752e-09   4.8262e-08
-4.5390e-06   -1.5786e-01   7.1690e+02   -3.5853e+02   2.2712e-03   -5.2215e-08   9.2170e-09   4.5023e-08
-4.4727e-06   -1.5725e-01   7.1723e+02   -3.5869e+02   2.2532e-03   -4.8721e-08   8.6025e-09   4.2001e-08
-4.4074e-06   -1.5664e-01   7.1755e+02   -3.5885e+02   2.2354e-03   -4.5460e-08   8.0289e-09   3.9180e-08
-4.3431e-06   -1.5604e-01   7.1787e+02   -3.5901e+02   2.2178e-03   -4.2416e-08   7.4934e-09   3.6549e-08
-4.2799e-06   -1.5545e-01   7.1818e+02   -3.5917e+02   2.2005e-03   -3.9576e-08   6.9935e-09   3.4094e-08
-4.2177e-06   -1.5486e-01   7.1850e+02   -3.5933e+02   2.1833e-03   -3.6925e-08   6.5268e-09   3.1804e-08
-4.1565e-06   -1.5427e-01   7.1881e+02   -3.5948e+02   2.1663e-03   -3.4452e-08   6.0911e-09   2.9667e-08
-4.0964e-06   -1.5369e-01   7.1912e+02   -3.5964e+02   2.1495e-03   -3.2143e-08   5.6845e-09   2.7673e-08
-4.0372e-06   -1.5311e-01   7.1943e+02   -3.5979e+02   2.1329e-03   -2.9989e-08   5.3049e-09   2.5813e-08
-3.9790e-06   -1.5254e-01   7.1973e+02   -3.5994e+02   2.1165e-03   -2.7979e-08   4.9506e-09   2.4078e-08
-3.9217e-06   -1.5197e-01   7.2003e+02   -3.6009e+02   2.1003e-03   -2.6103e-08   4.6198e-09   2.2459e-08
-3.8654e-06   -1.5140e-01   7.2033e+02   -3.6024e+02   2.0843e-03   -2.4353e-08   4.3111e-09   2.0949e-08
-3.8101e-06   -1.5084e-01   7.2063e+02   -3.6039e+02   2.0685e-03   -2.2720e-08   4.0230e-09   1.9540e-08
-3.7556e-06   -1.5028e-01   7.2093e+02   -3.6054e+02   2.0528e-03   -2.1196e-08   3.7540e-09   1.8225e-08
-3.7021e-06   -1.4973e-01   7.2122e+02   -3.6068e+02   2.0373e-03   -1.9774e-08   3.5030e-09   1.6999e-08
-3.6494e-06   -1.4918e-01   7.2152e+02   -3.6083e+02   2.0220e-03   -1.8447e-08   3.2687e-09   1.5855e-08
-3.5977e-06   -1.4864e-01   7.2181e+02   -3.6098e+02   2.0069e-03   -1.7209e-08   3.0500e-09   1.4788e-08
-3.5468e-06   -1.4810e-01   7.2209e+02   -3.6112e+02   1.9919e-03   -1.6053e-08   2.8460e-09   1.3792e-08
-3.4967e-06   -1.4756e-01   7.2238e+02   -3.6126e+02   1.9771e-03   -1.4976e-08   2.6555e-09   1.2864e-08
-3.4475e-06   -1.4703e-01   7.2266e+02   -3.6140e+02   1.9625e-03   -1.3970e-08   2.4777e-09   1.1998e-08
-3.3990e-06   -1.4650e-01   7.2295e+02   -3.6154e+02   1.9480e-03   -1.3032e-08   2.3118e-09   1.1190e-08
-3.3514e-06   -1.4598e-01   7.2323e+02   -3.6168e+02   1.9337e-03   -1.2156e-08   2.1570e-09   1.0436e-08
-3.3046e-06   -1.4545e-01   7.2350e+02   -3.6182e+02   1.9195e-03   -1.1340e-08   2.0125e-09   9.7329e-09
-3.2586e-06   -1.4494e-01   7.2378e+02   -3.6196e+02   1.9055e-03   -1.0577e-08   1.8777e-09   9.0771e-09
-3.2133e-06   -1.4442e-01   7.2406e+02   -3.6210e+02   1.8917e-03   -9.8666e-09   1.7519e-09   8.4654e-09
-3.1688e-06   -1.4391e-01   7.2433e+02   -3.6223e+02   1.8780e-03   -9.2033e-09   1.6345e-09   7.8949e-09
-3.1250e-06   -1.4341e-01   7.2460e+02   -3.6237e+02   1.8644e-03   -8.5845e-09   1.5249e-09   7.3627e-09
-3.0820e-06   -1.4290e-01   7.2487e+02   -3.6250e+02   1.8510e-03   -8.0073e-09   1.4227e-09   6.8663e-09
-3.0396e-06   -1.4240e-01   7.2513e+02   -3.6263e+02   1.8378e-03   -7.4687e-09   1.3273e-09   6.4033e-09
-2.9980e-06   -1.4191e-01   7.2540e+02   -3.6277e+02   1.8247e-03   -6.9663e-09   1.2382e-09   5.9715e-09
-2.9570e-06   -1.4141e-01   7.2566e+02   -3.6290e+02   1.8117e-03   -6.4976e-09   1.1552e-09   5.5687e-09
-2.9167e-06   -1.4092e-01   7.2592e+02   -3.6303e+02   1.7988e-03   -6.0604e-09   1.0777e-09   5.1931e-09
-2.8771e-06   -1.4044e-01   7.2618e+02   -3.6316e+02   1.7861e-03   -5.6526e-09   1.0053e-09   4.8427e-09
-2.8382e-06   -1.3996e-01   7.2644e+02   -3.6328e+02   1.7736e-03   -5.2721e-09   9.3786e-10   4.5160e-09
-2.7998e-06   -1.3948e-01   7.2670e+02   -3.6341e+02   1.7611e-03   -4.9172e-09   8.7490e-10   4.2112e-09
-2.7621e-06   -1.3900e-01   7.2695e+02   -3.6354e+02   1.7488e-03   -4.5861e-09   8.1615e-10   3.9270e-09
-2.7251e-06   -1.3853e-01   7.2721e+02   -3.6367e+02   1.7366e-03   -4.2772e-09   7.6134e-10   3.6619e-09
-2.6886e-06   -1.3806e-01   7.2746e+02   -3.6379e+02   1.7246e-03   -3.9892e-09   7.1020e-10   3.4146e-09
-2.6527e-06   -1.3759e-01   7.2771e+02   -3.6392e+02   1.7127e-03   -3.7204e-09   6.6249e-10   3.1841e-09
-2.6174e-06   -1.3713e-01   7.2795e+02   -3.6404e+02   1.7009e-03   -3.4698e-09   6.1797e-10   2.9690e-09
-2.5827e-06   -1.3667e-01   7.2820e+02   -3.6416e+02   1.6892e-03   -3.2360e-09   5.7644e-10   2.7685e-09
-2.5485e-06   -1.3621e-01   7.2845e+02   -3.6428e+02   1.6776e-03   -3.0179e-09   5.3769e-10   2.5815e-09
-2.5149e-06   -1.3576e-01   7.2869e+02   -3.6440e+02   1.6662e-03   -2.8145e-09   5.0154e-10   2.4071e-09
-2.4819e-06   -1.3531e-01   7.2893e+02   -3.6452e+02   1.6548e-03   -2.6247e-09   4.6782e-10   2.2445e-09
-2.4494e-06   -1.3486e-01   7.2917e+02   -3.6464e+02   1.6436e-03   -2.4478e-09   4.3635e-10   2.0928e-09
-2.4173e-06   -1.3441e-01   7.2941e+02   -3.6476e+02   1.6325e-03   -2.2827e-09   4.0700e-10   1.9513e-09
-2.3859e-06   -1.3397e-01   7.2965e+02   -3.6488e+02   1.6215e-03   -2.1288e-09   3.7962e-10   1.8194e-09
-2.3549e-06   -1.3353e-01   7.2988e+02   -3.6500e+02   1.6107e-03   -1.9852e-09   3.5408e-10   1.6964e-09
-2.3244e-06   -1.3310e-01   7.3011e+02   -3.6512e+02   1.5999e-03   -1.8512e-09   3.3025e-10   1.5817e-09
-2.2944e-06   -1.3266e-01   7.3035e+02   -3.6523e+02   1.5892e-03   -1.7263e-09   3.0802e-10   1.4748e-09
-2.2648e-06   -1.3223e-01   7.3058e+02   -3.6535e+02   1.5787e-03   -1.6098e-09   2.8729e-10   1.3750e-09
-2.2358e-06   -1.3180e-01   7.3081e+02   -3.6546e+02   1.5682e-03   -1.5012e-09   2.6794e-10   1.2820e-09
-2.2072e-06   -1.3138e-01   7.3104e+02   -3.6557e+02   1.5579e-03   -1.3999e-09   2.4990e-10   1.1953e-09
-2.1790e-06   -1.3096e-01   7.3126e+02   -3.6569e+02   1.5477e-03   -1.3054e-09   2.3307e-10   1.1145e-09
-2.1513e-06   -1.3054e-01   7.3149e+02   -3.6580e+02   1.5375e-03   -1.2172e-09   2.1737e-10   1.0390e-09
-2.1240e-06   -1.3012e-01   7.3171e+02   -3.6591e+02   1.5275e-03   -1.1350e-09   2.0272e-10   9.6874e-10
-2.0972e-06   -1.2970e-01   7.3193e+02   -3.6602e+02   1.5175e-03   -1.0584e-09   1.8907e-10   9.0317e-10
-2.0707e-06   -1.2929e-01   7.3215e+02   -3.6613e+02   1.5077e-03   -9.8689e-10   1.7632e-10   8.4204e-10
-2.0447e-06   -1.2888e-01   7.3237e+02   -3.6624e+02   1.4979e-03   -9.2022e-10   1.6444e-10   7.8504e-10
-2.0191e-06   -1.2848e-01   7.3259e+02   -3.6635e+02   1.4883e-03   -8.5805e-10   1.5335e-10   7.3189e-10
-1.9939e-06   -1.2807e-01   7.3281e+02   -3.6646e+02   1.4787e-03   -8.0007e-10   1.4301e-10   6.8234e-10
-1.9691e-06   -1.2767e-01   7.3302e+02   -3.6657e+02   1.4692e-03   -7.4600e-10   1.3337e-10   6.3613e-10
-1.9446e-06   -1.2727e-01   7.3324e+02   -3.6667e+02   1.4599e-03   -6.9558e-10   1.2438e-10   5.9305e-10
-1.9205e-06   -1.2688e-01   7.3345e+02   -3.6678e+02   1.4506e-03   -6.4856e-10   1.1599e-10   5.5288e-10
-1.8968e-06   -1.2648e-01   7.3366e+02   -3.6688e+02   1.4414e-03   -6.0471e-10   1.0816e-10   5.1543e-10
-1.8735e-06   -1.2609e-01   7.3387e+02   -3.6699e+02   1.4322e-03   -5.6382e-10   1.0086e-10   4.8051e-10
-1.8505e-06   -1.2570e-01   7.3408e+02   -3.6709e+02   1.4232e-03   -5.2570e-10   9.4058e-11   4.4795e-10
-1.8279e-06   -1.2531e-01   7.3429e+02   -3.6720e+02   1.4143e-03   -4.9014e-10   8.7710e-11   4.1760e-10
-1.8056e-06   -1.2493e-01   7.3450e+02   -3.6730e+02   1.4054e-03   -4.5699e-10   8.1790e-11   3.8929e-10
-1.7836e-06   -1.2455e-01   7.3470e+02   -3.6740e+02   1.3966e-03   -4.2607e-10   7.6268e-11   3.6291e-10
-1.7620e-06   -1.2417e-01   7.3491e+02   -3.6750e+02   1.3879e-03   -3.9725e-10   7.1119e-11   3.3831e-10
-1.7407e-06   -1.2379e-01   7.3511e+02   -3.6761e+02   1.3793e-03   -3.7037e-10   6.6316e-11   3.1537e-10
-1.7198e-06   -1.2342e-01   7.3531e+02   -3.6771e+02   1.3708e-03   -3.4530e-10   6.1838e-11   2.9399e-10
-1.6991e-06   -1.2304e-01   7.3551e+02   -3.6781e+02   1.3623e-03   -3.2193e-10   5.7661e-11   2.7406e-10
-1.6787e-06   -1.2267e-01   7.3571e+02   -3.6791e+02   1.3540e-03   -3.0014e-10   5.3766e-11   2.5547e-10
-1.6587e-06   -1.2230e-01   7.3591e+02   -3.6800e+02   1.3457e-03   -2.7982e-10   5.0133e-11   2.3814e-10
-1.6389e-06   -1.2194e-01   7.3611e+02   -3.6810e+02   1.3374e-03   -2.6088e-10   4.6746e-11   2.2199e-10
-1.6195e-06   -1.2157e-01   7.3630e+02   -3.6820e+02   1.3293e-03   -2.4321e-10   4.3587e-11   2.0693e-10
-1.6003e-06   -1.2121e-01   7.3650e+02   -3.6830e+02   1.3212e-03   -2.2674e-10   4.0641e-11   1.9289e-10
-1.5814e-06   -1.2085e-01   7.3669e+02   -3.6839e+02   1.3132e-03   -2.1139e-10   3.7893e-11   1.7980e-10
-1.5628e-06   -1.2049e-01   7.3688e+02   -3.6849e+02   1.3053e-03   -1.9707e-10   3.5332e-11   1.6760e-10
-1.5444e-06   -1.2014e-01   7.3708e+02   -3.6859e+02   1.2974e-03   -1.8372e-10   3.2943e-11   1.5623e-10
-1.5264e-06   -1.1979e-01   7.3727e+02   -3.6868e+02   1.2896e-03   -1.7127e-10   3.0715e-11   1.4563e-10
-1.5085e-06   -1.1943e-01   7.3746e+02   -3.6877e+02   1.2819e-03   -1.5966e-10   2.8638e-11   1.3574e-10
-1.4910e-06   -1.1909e-01   7.3764e+02   -3.6887e+02   1.2743e-03   -1.4884e-10   2.6701e-11   1.2653e-10
-1.4737e-06   -1.1874e-01   7.3783e+02   -3.6896e+02   1.2667e-03   -1.3876e-10   2.4894e-11   1.1794e-10
-1.4566e-06   -1.1839e-01   7.3802e+02   -3.6905e+02   1.2592e-03   -1.2935e-10   2.3210e-11   1.0993e-10
-1.4398e-06   -1.1805e-01   7.3820e+02   -3.6915e+02   1.2517e-03   -1.2058e-10   2.1640e-11   1.0246e-10
-1.4233e-06   -1.1771e-01   7.3839e+02   -3.6924e+02   1.2443e-03   -1.1241e-10   2.0175e-11   9.5504e-11
-1.4069e-06   -1.1737e-01   7.3857e+02   -3.6933e+02   1.2370e-03   -1.0479e-10   1.8810e-11   8.9017e-11
-1.3908e-06   -1.1703e-01   7.3875e+02   -3.6942e+02   1.2298e-03   -9.7680e-11   1.7537e-11   8.2971e-11
-1.3750e-06   -1.1670e-01   7.3893e+02   -3.6951e+02   1.2226e-03   -9.1055e-11   1.6350e-11   7.7334e-11
-1.3593e-06   -1.1636e-01   7.3911e+02   -3.6960e+02   1.2155e-03   -8.4879e-11   1.5243e-11   7.2080e-11
-1.3439e-06   -1.1603e-01   7.3929e+02   -3.6969e+02   1.2084e-03   -7.9122e-11   1.4211e-11   6.7183e-11
-1.3287e-06   -1.1570e-01   7.3947e+02   -3.6978e+02   1.2014e-03   -7.3754e-11   1.3248e-11   6.2617e-11
-1.3137e-06   -1.1537e-01   7.3964e+02   -3.6987e+02   1.1945e-03   -6.8750e-11   1.2351e-11   5.8362e-11
-1.2990e-06   -1.1505e-01   7.3982e+02   -3.6995e+02   1.1876e-03   -6.4085e-11   1.1514e-11   5.4395e-11
-1.2844e-06   -1.1472e-01   7.4000e+02   -3.7004e+02   1.1808e-03   -5.9736e-11   1.0734e-11   5.0698e-11
-1.2700e-06   -1.1440e-01   7.4017e+02   -3.7013e+02   1.1740e-03   -5.5681e-11   1.0007e-11   4.7251e-11
-1.2559e-06   -1.1408e-01   7.4034e+02   -3.7021e+02   1.1673e-03   -5.1902e-11   9.3292e-12   4.4039e-11
-1.2419e-06   -1.1376e-01   7.4051e+02   -3.7030e+02   1.1606e-03   -4.8379e-11   8.6971e-12   4.1044e-11
-1.2281e-06   -1.1345e-01   7.4069e+02   -3.7039e+02   1.1541e-03   -4.5094e-11   8.1077e-12   3.8253e-11
-1.2145e-06   -1.1313e-01   7.4086e+02   -3.7047e+02   1.1475e-03   -4.2032e-11   7.5582e-12   3.5652e-11
-1.2011e-06   -1.1282e-01   7.4102e+02   -3.7055e+02   1.1410e-03   -3.9178e-11   7.0459e-12   3.3227e-11
-1.1879e-06   -1.1251e-01   7.4119e+02   -3.7064e+02   1.1346e-03   -3.6517e-11   6.5682e-12   3.0967e-11
-1.1749e-06   -1.1220e-01   7.4136e+02   -3.7072e+02   1.1282e-03   -3.4037e-11   6.1229e-12   2.8860e-11
-1.1620e-06   -1.1189e-01   7.4153e+02   -3.7080e+02   1.1219e-03   -3.1725e-11   5.7078e-12   2.6897e-11
-1.1493e-06   -1.1158e-01   7.4169e+02   -3.7089e+02   1.1157e-03   -2.9570e-11   5.3208e-12   2.5067e-11
-1.1368e-06   -1.1128e-01   7.4186e+02   -3.7097e+02   1.1095e-03   -2.7560e-11   4.9599e-12   2.3361e-11
-1.1245e-06   -1.1097e-01   7.4202e+02   -3.7105e+02   1.1033e-03   -2.5688e-11   4.6235e-12   2.1771e-11
-1.1123e-06   -1.1067e-01   7.4218e+02   -3.7113e+02   1.0972e-03   -2.3942e-11   4.3099e-12   2.0290e-11
-1.1003e-06   -1.1037e-01   7.4235e+02   -3.7121e+02   1.0911e-03   -2.2315e-11   4.0176e-12   1.8909e-11
-1.0885e-06   -1.1007e-01   7.4251e+02   -3.7129e+02   1.0851e-03   -2.0798e-11   3.7450e-12   1.7621e-11
-1.0768e-06   -1.0978e-01   7.4267e+02   -3.7137e+02   1.0792e-03   -1.9384e-11   3.4909e-12   1.6422e-11
-1.0653e-06   -1.0948e-01   7.4283e+02   -3.7145e+02   1.0733e-03   -1.8066e-11   3.2541e-12   1.5304e-11
-1.0539e-06   -1.0919e-01   7.4299e+02   -3.7153e+02   1.0674e-03   -1.6838e-11   3.0333e-12   1.4261e-11
-1.0427e-06   -1.0890e-01   7.4314e+02   -3.7161e+02   1.0616e-03   -1.5693e-11   2.8274e-12   1.3290e-11
-1.0316e-06   -1.0861e-01   7.4330e+02   -3.7169e+02   1.0558e-03   -1.4626e-11   2.6355e-12   1.2385e-11
-1.0206e-06   -1.0832e-01   7.4346e+02   -3.7177e+02   1.0501e-03   -1.3631e-11   2.4567e-12   1.1541e-11
-1.0099e-06   -1.0803e-01   7.4361e+02   -3.7185e+02   1.0444e-03   -1.2704e-11   2.2899e-12   1.0755e-11
-9.9922e-07   -1.0774e-01   7.4377e+02   -3.7192e+02   1.0388e-03   -1.1839e-11   2.1345e-12   1.0022e-11
-9.8872e-07   -1.0746e-01   7.4392e+02   -3.7200e+02   1.0332e-03   -1.1034e-11   1.9896e-12   9.3395e-12
-9.7835e-07   -1.0718e-01   7.4407e+02   -3.7208e+02   1.0277e-03   -1.0283e-11   1.8545e-12   8.7031e-12
-9.6812e-07   -1.0690e-01   7.4423e+02   -3.7215e+02   1.0222e-03   -9.5830e-12   1.7286e-12   8.1099e-12
-9.5802e-07   -1.0662e-01   7.4438e+02   -3.7223e+02   1.0167e-03   -8.9307e-12   1.6112e-12   7.5572e-12
-9.4806e-07   -1.0634e-01   7.4453e+02   -3.7230e+02   1.0113e-03   -8.3228e-12   1.5018e-12   7.0420e-12
-9.3822e-07   -1.0606e-01   7.4468e+02   -3.7238e+02   1.0060e-03   -7.7561e-12   1.3998e-12   6.5619e-12
-9.2851e-07   -1.0578e-01   7.4483e+02   -3.7245e+02   1.0007e-03   -7.2280e-12   1.3047e-12   6.1145e-12
-9.1893e-07   -1.0551e-01   7.4498e+02   -3.7252e+02   9.9538e-04   -6.7358e-12   1.2161e-12   5.6975e-12
-9.0947e-07   -1.0524e-01   7.4512e+02   -3.7260e+02   9.9014e-04   -6.2770e-12   1.1335e-12   5.3089e-12
-9.0013e-07   -1.0497e-01   7.4527e+02   -3.7267e+02   9.8495e-04   -5.8494e-12   1.0565e-12   4.9468e-12
-8.9091e-07   -1.0470e-01   7.4542e+02   -3.7274e+02   9.7979e-04   -5.4509e-12   9.8477e-13   4.6093e-12
-8.8181e-07   -1.0443e-01   7.4556e+02   -3.7282e+02   9.7468e-04   -5.0794e-12   9.1787e-13   4.2948e-12
-8.7282e-07   -1.0416e-01   7.4571e+02   -3.7289e+02   9.6961e-04   -4.7333e-12   8.5552e-13   4.0017e-12
-8.6395e-07   -1.0390e-01   7.4585e+02   -3.7296e+02   9.6457e-04   -4.4106e-12   7.9741e-13   3.7286e-12
-8.5519e-07   -1.0363e-01   7.4599e+02   -3.7303e+02   9.5958e-04   -4.1100e-12   7.4324e-13   3.4741e-12
-8.4654e-07   -1.0337e-01   7.4614e+02   -3.7310e+02   9.5462e-04   -3.8297e-12   6.9275e-13   3.2369e-12
-8.3800e-07   -1.0311e-01   7.4628e+02   -3.7317e+02   9.4970e-04   -3.5686e-12   6.4569e-13   3.0159e-12
-8.2957e-07   -1.0285e-01   7.4642e+02   -3.7324e+02   9.4483e-04   -3.3252e-12   6.0182e-13   2.8099e-12
-8.2124e-07   -1.0259e-01   7.4656e+02   -3.7331e+02   9.3998e-04   -3.0983e-12   5.6094e-13   2.6180e-12
-8.1302e-07   -1.0233e-01   7.4670e+02   -3.7338e+02   9.3518e-04   -2.8869e-12   5.2283e-13   2.4391e-12
-8.0490e-07   -1.0207e-01   7.4684e+02   -3.7345e+02   9.3041e-04   -2.6899e-12   4.8731e-13   2.2724e-12
-7.9688e-07   -1.0182e-01   7.4698e+02   -3.7352e+02   9.2568e-04   -2.5063e-12   4.5421e-13   2.1171e-12
-7.8896e-07   -1.0156e-01   7.4711e+02   -3.7359e+02   9.2098e-04   -2.3352e-12   4.2336e-13   1.9724e-12
-7.8114e-07   -1.0131e-01   7.4725e+02   -3.7366e+02   9.1632e-04   -2.1757e-12   3.9460e-13   1.8375e-12
-7.7342e-07   -1.0106e-01   7.4739e+02   -3.7373e+02   9.1170e-04   -2.0271e-12   3.6780e-13   1.7119e-12
-7.6579e-07   -1.0081e-01   7.4752e+02   -3.7380e+02   9.0711e-04   -1.8886e-12   3.4282e-13   1.5948e-12
-7.5825e-07   -1.0056e-01   7.4766e+02   -3.7386e+02   9.0255e-04   -1.7595e-12   3.1954e-13   1.4856e-12
-7.5081e-07   -1.0031e-01   7.4779e+02   -3.7393e+02   8.9803e-04   -1.6393e-12   2.9784e-13   1.3840e-12
-7.4346e-07   -1.0007e-01   7.4793e+02   -3.7400e+02   8.9354e-04   -1.5272e-12   2.7761e-13   1.2892e-12
-7.3620e-07   -9.9821e-02   7.4806e+02   -3.7406e+02   8.8909e-04   -1.4227e-12   2.5877e-13   1.2009e-12
-7.2902e-07   -9.9577e-02   7.4819e+02   -3.7413e+02   8.8467e-04   -1.3254e-12   2.4120e-13   1.1187e-12
-7.2194e-07   -9.9334e-02   7.4832e+02   -3.7419e+02   8.8028e-04   -1.2347e-12   2.2483e-13   1.0420e-12
-7.1494e-07   -9.9093e-02   7.4846e+02   -3.7426e+02   8.7592e-04   -1.1501e-12   2.0957e-13   9.7059e-13
-7.0802e-07   -9.8852e-02   7.4859e+02   -3.7433e+02   8.7160e-04   -1.0714e-12   1.9535e-13   9.0404e-13
-7.0119e-07   -9.8613e-02   7.4872e+02   -3.7439e+02   8.6731e-04   -9.9797e-13   1.8210e-13   8.4203e-13
-6.9444e-07   -9.8375e-02   7.4885e+02   -3.7445e+02   8.6305e-04   -9.2956e-13   1.6975e-13   7.8424e-13
-6.8777e-07   -9.8138e-02   7.4897e+02   -3.7452e+02   8.5882e-04   -8.6582e-13   1.5824e-13   7.3041e-13
-6.8118e-07   -9.7902e-02   7.4910e+02   -3.7458e+02   8.5463e-04   -8.0643e-13   1.4751e-13   6.8024e-13
-6.7467e-07   -9.7667e-02   7.4923e+02   -3.7465e+02   8.5046e-04   -7.5108e-13   1.3751e-13   6.3350e-13
-6.6824e-07   -9.7433e-02   7.4936e+02   -3.7471e+02   8.4632e-04   -6.9950e-13   1.2819e-13   5.8995e-13
-6.6188e-07   -9.7201e-02   7.4948e+02   -3.7477e+02   8.4222e-04   -6.5144e-13   1.1951e-13   5.4937e-13
-6.5560e-07   -9.6969e-02   7.4961e+02   -3.7484e+02   8.3814e-04   -6.0666e-13   1.1142e-13   5.1156e-13
-6.4939e-07   -9.6739e-02   7.4973e+02   -3.7490e+02   8.3410e-04   -5.6493e-13   1.0388e-13   4.7633e-13
-6.4326e-07   -9.6510e-02   7.4986e+02   -3.7496e+02   8.3008e-04   -5.2605e-13   9.6850e-14   4.4351e-13
-6.3720e-07   -9.6282e-02   7.4998e+02   -3.7502e+02   8.2609e-04   -4.8981e-13   9.0301e-14   4.1293e-13
-6.3121e-07   -9.6054e-02   7.5011e+02   -3.7508e+02   8.2213e-04   -4.5605e-13   8.4198e-14   3.8443e-13
-6.2529e-07   -9.5828e-02   7.5023e+02   -3.7514e+02   8.1820e-04   -4.2460e-13   7.8510e-14   3.5789e-13
-6.1944e-07   -9.5603e-02   7.5035e+02   -3.7521e+02   8.1430e-04   -3.9528e-13   7.3210e-14   3.3315e-13
-6.1365e-07   -9.5380e-02   7.5047e+02   -3.7527e+02   8.1042e-04   -3.6797e-13   6.8270e-14   3.1011e-13
-6.0794e-07   -9.5157e-02   7.5059e+02   -3.7533e+02   8.0657e-04   -3.4252e-13   6.3667e-14   2.8864e-13
-6.0229e-07   -9.4935e-02   7.5071e+02   -3.7539e+02   8.0275e-04   -3.1881e-13   5.9377e-14   2.6864e-13
-5.9671e-07   -9.4714e-02   7.5083e+02   -3.7545e+02   7.9896e-04   -2.9672e-13   5.5380e-14   2.5000e-13
-5.9119e-07   -9.4494e-02   7.5095e+02   -3.7551e+02   7.9519e-04   -2.7613e-13   5.1655e-14   2.3264e-13
-5.8573e-07   -9.4276e-02   7.5107e+02   -3.7557e+02   7.9145e-04   -2.5695e-13   4.8183e-14   2.1646e-13
-5.8034e-07   -9.4058e-02   7.5119e+02   -3.7562e+02   7.8774e-04   -2.3908e-13   4.4948e-14   2.0139e-13
-5.7501e-07   -9.3841e-02   7.5131e+02   -3.7568e+02   7.8405e-04   -2.2243e-13   4.1934e-14   1.8735e-13
-5.6974e-07   -9.3625e-02   7.5143e+02   -3.7574e+02   7.8039e-04   -2.0692e-13   3.9125e-14   1.7427e-13
-5.6453e-07   -9.3411e-02   7.5154e+02   -3.7580e+02   7.7675e-04   -1.9246e-13   3.6507e-14   1.6208e-13
-5.5938e-07   -9.3197e-02   7.5166e+02   -3.7586e+02   7.7314e-04   -1.7900e-13   3.4068e-14   1.5073e-13
-5.5429e-07   -9.2984e-02   7.5177e+02   -3.7592e+02   7.6956e-04   -1.6645e-13   3.1794e-14   1.4016e-13
-5.4926e-07   -9.2772e-02   7.5189e+02   -3.7597e+02   7.6600e-04   -1.5476e-13   2.9676e-14   1.3030e-13
-5.4428e-07   -9.2562e-02   7.5200e+02   -3.7603e+02   7.6246e-04   -1.4387e-13   2.7702e-14   1.2113e-13
-5.3936e-07   -9.2352e-02   7.5212e+02   -3.7609e+02   7.5895e-04   -1.3373e-13   2.5863e-14   1.1258e-13
-5.3450e-07   -9.2143e-02   7.5223e+02   -3.7614e+02   7.5546e-04   -1.2428e-13   2.4149e-14   1.0461e-13
-5.2969e-07   -9.1935e-02   7.5235e+02   -3.7620e+02   7.5200e-04   -1.1547e-13   2.2552e-14   9.7193e-14
-5.2493e-07   -9.1728e-02   7.5246e+02   -3.7626e+02   7.4856e-04   -1.0727e-13   2.1064e-14   9.0282e-14
-5.2023e-07   -9.1522e-02   7.5257e+02   -3.7631e+02   7.4514e-04   -9.9627e-14   1.9677e-14   8.3844e-14
-5.1558e-07   -9.1316e-02   7.5268e+02   -3.7637e+02   7.4175e-04   -9.2509e-14   1.8385e-14   7.7847e-14
-5.1098e-07   -9.1112e-02   7.5279e+02   -3.7642e+02   7.3838e-04   -8.5877e-14   1.7181e-14   7.2262e-14
-5.0644e-07   -9.0909e-02   7.5290e+02   -3.7648e+02   7.3503e-04   -7.9701e-14   1.6059e-14   6.7059e-14
-5.0194e-07   -9.0706e-02   7.5301e+02   -3.7653e+02   7.3171e-04   -7.3947e-14   1.5013e-14   6.2214e-14
-4.9749e-07   -9.0505e-02   7.5312e+02   -3.7659e+02   7.2841e-04   -6.8588e-14   1.4039e-14   5.7701e-14
-4.9309e-07   -9.0304e-02   7.5323e+02   -3.7664e+02   7.2513e-04   -6.3596e-14   1.3132e-14   5.3497e-14
-4.8874e-07   -9.0104e-02   7.5334e+02   -3.7670e+02   7.2187e-04   -5.8946e-14   1.2286e-14   4.9583e-14
-4.8444e-07   -8.9905e-02   7.5345e+02   -3.7675e+02   7.1864e-04   -5.4616e-14   1.1498e-14   4.5937e-14
-4.8019e-07   -8.9707e-02   7.5356e+02   -3.7681e+02   7.1542e-04   -5.0583e-14   1.0764e-14   4.2542e-14
-4.7598e-07   -8.9510e-02   7.5367e+02   -3.7686e+02   7.1223e-04   -4.6828e-14   1.0080e-14   3.9380e-14
-4.7182e-07   -8.9314e-02   7.5377e+02   -3.7691e+02   7.0906e-04   -4.3330e-14   9.4424e-15   3.6437e-14
-4.6770e-07   -8.9118e-02   7.5388e+02   -3.7697e+02   7.0591e-04   -4.0073e-14   8.8486e-15   3.3696e-14
-4.6363e-07   -8.8924e-02   7.5398e+02   -3.7702e+02   7.0278e-04   -3.7041e-14   8.2954e-15   3.1144e-14
-4.5961e-07   -8.8730e-02   7.5409e+02   -3.7707e+02   6.9967e-04   -3.4218e-14   7.7801e-15   2.8768e-14
-4.5562e-07   -8.8537e-02   7.5420e+02   -3.7712e+02   6.9659e-04   -3.1589e-14   7.3000e-15   2.6556e-14
-4.5168e-07   -8.8345e-02   7.5430e+02   -3.7718e+02   6.9352e-04   -2.9143e-14   6.8527e-15   2.4498e-14
-4.4778e-07   -8.8154e-02   7.5440e+02   -3.7723e+02   6.9047e-04   -2.6865e-14   6.4361e-15   2.2582e-14
-4.4393e-07   -8.7963e-02   7.5451e+02   -3.7728e+02   6.8745e-04   -2.4746e-14   6.0481e-15   2.0799e-14
-4.4011e-07   -8.7774e-02   7.5461e+02   -3.7733e+02   6.8444e-04   -2.2774e-14   5.6867e-15   1.9140e-14
-4.3634e-07   -8.7585e-02   7.5471e+02   -3.7738e+02   6.8145e-04   -2.0939e-14   5.3501e-15   1.7596e-14
-4.3261e-07   -8.7397e-02   7.5482e+02   -3.7743e+02   6.7849e-04   -1.9232e-14   5.0367e-15   1.6161e-14
-4.2891e-07   -8.7210e-02   7.5492e+02   -3.7748e+02   6.7554e-04   -1.7644e-14   4.7448e-15   1.4826e-14
-4.2526e-07   -8.7024e-02   7.5502e+02   -3.7754e+02   6.7261e-04   -1.6168e-14   4.4731e-15   1.3584e-14
-4.2164e-07   -8.6838e-02   7.5512e+02   -3.7759e+02   6.6970e-04   -1.4795e-14   4.2202e-15   1.2430e-14
-4.1807e-07   -8.6653e-02   7.5522e+02   -3.7764e+02   6.6681e-04   -1.3520e-14   3.9848e-15   1.1358e-14
-4.1453e-07   -8.6469e-02   7.5532e+02   -3.7769e+02   6.6393e-04   -1.2334e-14   3.7658e-15   1.0361e-14
-4.1102e-07   -8.6286e-02   7.5542e+02   -3.7774e+02   6.6108e-04   -1.1234e-14   3.5620e-15   9.4362e-15
-4.0756e-07   -8.6104e-02   7.5552e+02   -3.7779e+02   6.5824e-04   -1.0212e-14   3.3724e-15   8.5774e-15
-4.0413e-07   -8.5922e-02   7.5562e+02   -3.7783e+02   6.5543e-04   -9.2639e-15   3.1962e-15   7.7805e-15
-4.0074e-07   -8.5741e-02   7.5572e+02   -3.7788e+02   6.5263e-04   -8.3846e-15   3.0323e-15   7.0415e-15
-3.9738e-07   -8.5561e-02   7.5582e+02   -3.7793e+02   6.4985e-04   -7.5696e-15   2.8801e-15   6.3567e-15
-3.9406e-07   -8.5382e-02   7.5592e+02   -3.7798e+02   6.4708e-04   -6.8149e-15   2.7387e-15   5.7226e-15
-3.9077e-07   -8.5203e-02   7.5601e+02   -3.7803e+02   6.4434e-04   -6.1165e-15   2.6075e-15   5.1358e-15
-3.8752e-07   -8.5025e-02   7.5611e+02   -3.7808e+02   6.4161e-04   -5.4709e-15   2.4858e-15   4.5934e-15
-3.8430e-07   -8.4848e-02   7.5621e+02   -3.7813e+02   6.3890e-04   -4.8747e-15   2.3729e-15   4.0926e-15
-3.8111e-07   -8.4672e-02   7.5630e+02   -3.7818e+02   6.3620e-04   -4.3249e-15   2.2684e-15   3.6307e-15
-3.7796e-07   -8.4496e-02   7.5640e+02   -3.7822e+02   6.3353e-04   -3.8186e-15   2.1717e-15   3.2055e-15
-3.7484e-07   -8.4321e-02   7.5649e+02   -3.7827e+02   6.3086e-04   -3.3533e-15   2.0823e-15   2.8148e-15
-3.7175e-07   -8.4147e-02   7.5659e+02   -3.7832e+02   6.2822e-04   -2.9265e-15   1.9998e-15   2.4563e-15
-3.6870e-07   -8.3973e-02   7.5668e+02   -3.7837e+02   6.2559e-04   -2.5360e-15   1.9238e-15   2.1284e-15
-3.6567e-07   -8.3801e-02   7.5678e+02   -3.7841e+02   6.2298e-04   -2.1797e-15   1.8538e-15   1.8293e-15
-3.6268e-07   -8.3628e-02   7.5687e+02   -3.7846e+02   6.2039e-04   -1.8559e-15   1.7896e-15   1.5574e-15
-3.5971e-07   -8.3457e-02   7.5697e+02   -3.7851e+02   6.1781e-04   -1.5626e-15   1.7309e-15   1.3113e-15
-3.5678e-07   -8.3286e-02   7.5706e+02   -3.7855e+02   6.1525e-04   -1.2985e-15   1.6772e-15   1.0896e-15
-3.5388e-07   -8.3116e-02   7.5715e+02   -3.7860e+02   6.1270e-04   -1.0621e-15   1.6285e-15   8.9114e-16
-3.5100e-07   -8.2947e-02   7.5724e+02   -3.7864e+02   6.1017e-04   -8.5210e-16   1.5843e-15   7.1489e-16
-3.4816e-07   -8.2779e-02   7.5734e+02   -3.7869e+02   6.0766e-04   -6.6736e-16   1.5446e-15   5.5987e-16
-3.4534e-07   -8.2611e-02   7.5743e+02   -3.7874e+02   6.0516e-04   -5.0686e-16   1.5091e-15   4.2519e-16
-3.4255e-07   -8.2443e-02   7.5752e+02   -3.7878e+02   6.0267e-04   -3.6970e-16   1.4776e-15   3.1011e-16
-3.3979e-07   -8.2277e-02   7.5761e+02   -3.7883e+02   6.0021e-04   -2.5508e-16   1.4499e-15   2.1396e-16
-3.3706e-07   -8.2111e-02   7.5770e+02   -3.7887e+02   5.9775e-04   -1.6233e-16   1.4260e-15   1.3615e-16
-3.3436e-07   -8.1946e-02   7.5779e+02   -3.7892e+02   5.9531e-04   -9.0864e-17   1.4057e-15   7.6206e-17
-3.3168e-07   -8.1781e-02   7.5788e+02   -3.7896e+02   5.9289e-04   -4.0219e-17   1.3890e-15   3.3729e-17
-3.2903e-07   -8.1617e-02   7.5797e+02   -3.7901e+02   5.9048e-04   -1.0022e-17   1.3756e-15   8.4038e-18
0.0000e+00   -8.1454e-02   7.5806e+02   0.0000e+00   5.8808e-04   -0.0000e+00   0.0000e+00   0.0000e+00
