# 
# U bar array from C:\Users\sethw\OneDrive\PythonFiles\grav_soliton\scripts\seth_temp\first_version.py
# 
# Max zeta: 25
# Zeta intervals: 2500
# Delta: 0.009996001599360257
# Epsilon convergence tolerance: 1e-06
# Zeta_s: 0.05
# Zeta_s_array: [0.01, 0.05]
# 
#     
0.000000000000000000e+00
2.419885272280460856e-03
4.839694333506470124e-03
7.259350977806185330e-03
9.678779009672747180e-03
1.209790224915401752e-02
1.451664453702310176e-02
1.693492973995833553e-02
1.935268175572383773e-02
2.176982451833252286e-02
2.418628200321541050e-02
2.660197823238837078e-02
2.901683727959957285e-02
3.143078327548001066e-02
3.384374041269824079e-02
3.625563295109155565e-02
3.866638522278487144e-02
4.107592163731457052e-02
4.348416668674239677e-02
4.589104495075978923e-02
4.829648110177105907e-02
5.070039990997140394e-02
5.310272624841943373e-02
5.550338509809148169e-02
5.790230155292144104e-02
6.029940082483360719e-02
6.269460824875751348e-02
6.508784928763196309e-02
6.747904953738267930e-02
6.986813473190225943e-02
7.225503074799966008e-02
7.463966361033649854e-02
7.702195949635236294e-02
7.940184474115632995e-02
8.177924584242093897e-02
8.415408946524471911e-02
8.652630244699223427e-02
8.889581180212349776e-02
9.126254472699742160e-02
9.362642860465372752e-02
9.598739100957001669e-02
9.834535971240712660e-02
1.007002626847208898e-01
1.030520281036565872e-01
1.054005843566102330e-01
1.077458600458834348e-01
1.100877839932903474e-01
1.124262852447634881e-01
1.147612930749168370e-01
1.170927369915760186e-01
1.194205467402986581e-01
1.217446523088796390e-01
1.240649839317814751e-01
1.263814720945748427e-01
1.286940475383464566e-01
1.310026412640586391e-01
1.333071845368971053e-01
1.356076088905862898e-01
1.379038461316566266e-01
1.401958283437085562e-01
1.424834878916188541e-01
1.447667574257368028e-01
1.470455698860270444e-01
1.493198585061888406e-01
1.515895568177540176e-01
1.538545986541259569e-01
1.561149181546044318e-01
1.583704497683634249e-01
1.606211282584075473e-01
1.628668887054816328e-01
1.651076665119432241e-01
1.673433974056045825e-01
1.695740174435333980e-01
1.717994630158317382e-01
1.740196708493541855e-01
1.762345780114028537e-01
1.784441219133809653e-01
1.806482403144062110e-01
1.828468713248894983e-01
1.850399534100743981e-01
1.872274253935287958e-01
1.894092264606038745e-01
1.915852961618584871e-01
1.937555744164275728e-01
1.959200015153594876e-01
1.980785181249236360e-01
2.002310652898501298e-01
2.023775844365547083e-01
2.045180173763055387e-01
2.066523063083441081e-01
2.087803938229901290e-01
2.109022229046686181e-01
2.130177369349134653e-01
2.151268796953370588e-01
2.172295953705378202e-01
2.193258285509656069e-01
2.214155242357603581e-01
2.234986278355288458e-01
2.255750851750886465e-01
2.276448424961557693e-01
2.297078464600066927e-01
2.317640441500731507e-01
2.338133830745112995e-01
2.358558111687161507e-01
2.378912767977859055e-01
2.399197287589601990e-01
2.419411162839935625e-01
2.439553890414717374e-01
2.459624971391304316e-01
2.479623911260818436e-01
2.499550219950126273e-01
2.519403411843342266e-01
2.539183005802898019e-01
2.558888525190062824e-01
2.578519497885148337e-01
2.598075456307086806e-01
2.617555937432640145e-01
2.636960482815112194e-01
2.656288638602639085e-01
2.675539955555850669e-01
2.694713989065335435e-01
2.713810299168305518e-01
2.732828450565260026e-01
2.751768012635570360e-01
2.770628559453141571e-01
2.789409669801297120e-01
2.808110927187352224e-01
2.826731919856496633e-01
2.845272240805468145e-01
2.863731487795714847e-01
2.882109263365851826e-01
2.900405174843957989e-01
2.918618834359178460e-01
2.936749858853003881e-01
2.954797870089900802e-01
2.972762494667771094e-01
2.990643364027759099e-01
3.008440114463460380e-01
3.026152387129949495e-01
3.043779828052207148e-01
3.061322088133017760e-01
3.078778823160513434e-01
3.096149693815195003e-01
3.113434365676523430e-01
3.130632509228997162e-01
3.147743799868003567e-01
3.164767917904801053e-01
3.181704548571461233e-01
3.198553382025077774e-01
3.215314113351604997e-01
3.231986442569323437e-01
3.248570074631794147e-01
3.265064719430278428e-01
3.281470091795889998e-01
3.297785911501181499e-01
3.314011903261371295e-01
3.330147796734992949e-01
3.346193326524153355e-01
3.362148232174694829e-01
3.378012258175093208e-01
3.393785153955999889e-01
3.409466673888464916e-01
3.425056577282200587e-01
3.440554628383292735e-01
3.455960596371433491e-01
3.471274255356777139e-01
3.486495384376531725e-01
3.501623767390817377e-01
3.516659193278464657e-01
3.531601455831981928e-01
3.546450353752590989e-01
3.561205690644412836e-01
3.575867275008633994e-01
3.590434920236977856e-01
3.604908444604953965e-01
3.619287671264599937e-01
3.633572428236968022e-01
3.647762548403969407e-01
3.661857869500251828e-01
3.675858234104202316e-01
3.689763489628924975e-01
3.703573488312656425e-01
3.717288087208976965e-01
3.730907148176483279e-01
3.744430537868034814e-01
3.757858127719976293e-01
3.771189793940570301e-01
3.784425417498442079e-01
3.797564884110433692e-01
3.810608084229117343e-01
3.823554913030086655e-01
3.836405270398791090e-01
3.849159060917036190e-01
3.861816193849322842e-01
3.874376583128465446e-01
3.886840147341442675e-01
3.899206809714211852e-01
3.911476498096885801e-01
3.923649144947967682e-01
3.935724687318984394e-01
3.947703066838058050e-01
3.959584229693602353e-01
3.971368126617741967e-01
3.983054712869185110e-01
3.994643948215909068e-01
4.006135796917563163e-01
4.017530227707591939e-01
4.028827213775003635e-01
4.040026732745872762e-01
4.051128766664757186e-01
4.062133301975369704e-01
4.073040329501620427e-01
4.083849844427766551e-01
4.094561846278697015e-01
4.105176338899714228e-01
4.115693330436241415e-01
4.126112833313250738e-01
4.136434864214287299e-01
4.146659444060299959e-01
4.156786597988456622e-01
4.166816355330399957e-01
4.176748749590478704e-01
4.186583818423611492e-01
4.196321603612926943e-01
4.205962151047503705e-01
4.215505510699260605e-01
4.224951736600267016e-01
4.234300886819516441e-01
4.243553023439328720e-01
4.252708212532105292e-01
4.261766524136152423e-01
4.270728032232154470e-01
4.279592814718480298e-01
4.288360953387270191e-01
4.297032533899523554e-01
4.305607645760664570e-01
4.314086382295343469e-01
4.322468840622620823e-01
4.330755121630533999e-01
4.338945329950685270e-01
4.347039573932692247e-01
4.355037965618467344e-01
4.362940620716283524e-01
4.370747658574734573e-01
4.378459202156528285e-01
4.386075378012325721e-01
4.393596316253909340e-01
4.401022150527816867e-01
4.408353017988568823e-01
4.415589059271762817e-01
4.422730418467067937e-01
4.429777243091251315e-01
4.436729684060752854e-01
4.443587895664472542e-01
4.450352035536328521e-01
4.457022264627547026e-01
4.463598747179205461e-01
4.470081650694427422e-01
4.476471145910381200e-01
4.482767406770544749e-01
4.488970610396574856e-01
4.495080937060216830e-01
4.501098570155152023e-01
4.507023696168666604e-01
4.512856504653506851e-01
4.518597188199196535e-01
4.524245942403745668e-01
4.529802965845037832e-01
4.535268460052346851e-01
4.540642629477716352e-01
4.545925681467105628e-01
4.551117826231675934e-01
4.556219276819132302e-01
4.561230249084888833e-01
4.566150961663141272e-01
4.570981635937905740e-01
4.575722496014225649e-01
4.580373768689093850e-01
4.584935683422668440e-01
4.589408472309046139e-01
4.593792370047423690e-01
4.598087613912931748e-01
4.602294443727639739e-01
4.606413101831519641e-01
4.610443833053398666e-01
4.614386884681806467e-01
4.618242506436039396e-01
4.622010950437006049e-01
4.625692471178229348e-01
4.629287325496889149e-01
4.632795772544629487e-01
4.636218073758639480e-01
4.639554492832763666e-01
4.642805295688244294e-01
4.645970750445100328e-01
4.649051127392966332e-01
4.652046698962403748e-01
4.654957739695848584e-01
4.657784526219025945e-01
4.660527337211949894e-01
4.663186453380275820e-01
4.665762157426588952e-01
4.668254734021798358e-01
4.670664469776484307e-01
4.672991653212351659e-01
4.675236574733822592e-01
4.677399526599417823e-01
4.679480802893555835e-01
4.681480699498160036e-01
4.683399514064323088e-01
4.685237545984331509e-01
4.686995096363271163e-01
4.688672467991167325e-01
4.690269965314978196e-01
4.691787894410587856e-01
4.693226562955132297e-01
4.694586280199140593e-01
4.695867356938950854e-01
4.697070105489064007e-01
4.698194839654562527e-01
4.699241874704030986e-01
4.700211527341835449e-01
4.701104115681216111e-01
4.701919959216948608e-01
4.702659378798399459e-01
4.703322696602559860e-01
4.703910236107287646e-01
4.704422322064448769e-01
4.704859280473388528e-01
4.705221438554358926e-01
4.705509124722145331e-01
4.705722668559622623e-01
4.705862400791656630e-01
4.705928653259145444e-01
4.705921758892720463e-01
4.705842051687135763e-01
4.705689866675542010e-01
4.705465539903684880e-01
4.705169408404531461e-01
4.704801810172890564e-01
4.704363084140093521e-01
4.703853570148797125e-01
4.703273608928155158e-01
4.702623542068834483e-01
4.701903711998189350e-01
4.701114461955778201e-01
4.700256135968729487e-01
4.699329078827531037e-01
4.698333636061796659e-01
4.697270153915877877e-01
4.696138979325256146e-01
4.694940459892542051e-01
4.693674943863960225e-01
4.692342780105414612e-01
4.690944318079643405e-01
4.689479907822562965e-01
4.687949899920224039e-01
4.686354645485882320e-01
4.684694496137210562e-01
4.682969803973476286e-01
4.681180921553015906e-01
4.679328201870995296e-01
4.677411998336979959e-01
4.675432664752849354e-01
4.673390555290955484e-01
4.671286024472296461e-01
4.669119427144874934e-01
4.666891118462067056e-01
4.664601453861395575e-01
4.662250789043312915e-01
4.659839479950086960e-01
4.657367882745043763e-01
4.654836353791773074e-01
4.652245249633514823e-01
4.649594926972751008e-01
4.646885742650879170e-01
4.644118053628256138e-01
4.641292216964060247e-01
4.638408589796614856e-01
4.635467529323794023e-01
4.632469392783277184e-01
4.629414537433571564e-01
4.626303320534645991e-01
4.623136099328856718e-01
4.619913231022323985e-01
4.616635072766041015e-01
4.613301981637509819e-01
4.609914314622111653e-01
4.606472428595141944e-01
4.602976680303703105e-01
4.599427426348761672e-01
4.595825023167507961e-01
4.592169827015691319e-01
4.588462193950275658e-01
4.584702479812213238e-01
4.580891040209322251e-01
4.577028230499308736e-01
4.573114405772991664e-01
4.569149920837918266e-01
4.565135130201581348e-01
4.561070388055477598e-01
4.556956048258788972e-01
4.552792464322465427e-01
4.548579989393403689e-01
4.544318976238856944e-01
4.540009777230958332e-01
4.535652744331366004e-01
4.531248229076088041e-01
4.526796582560519977e-01
4.522298155424636090e-01
4.517753297838242310e-01
4.513162359486481701e-01
4.508525689555512028e-01
4.503843636718241061e-01
4.499116549120338870e-01
4.494344774366254014e-01
4.489528659505601649e-01
4.484668551019573846e-01
4.479764794807469253e-01
4.474817736173535287e-01
4.469827719813642686e-01
4.464795089802632844e-01
4.459720189581260485e-01
4.454603361943842987e-01
4.449444949025503360e-01
4.444245292290048277e-01
4.439004732517613516e-01
4.433723609792834530e-01
4.428402263492837165e-01
4.423041032275664697e-01
4.417640254068595507e-01
4.412200266056774400e-01
4.406721404671934961e-01
4.401204005581305645e-01
4.395648403676687410e-01
4.390054933063522458e-01
4.384423927050406511e-01
4.378755718138496178e-01
4.373050638011133362e-01
4.367309017523584580e-01
4.361531186693049511e-01
4.355717474688715063e-01
4.349868209821957654e-01
4.343983719536704258e-01
4.338064330399898361e-01
4.332110368092249586e-01
4.326122157398948342e-01
4.320100022200767942e-01
4.314044285464797013e-01
4.307955269235973494e-01
4.301833294628341631e-01
4.295678681816486599e-01
4.289491750027176753e-01
4.283272817531195154e-01
4.277022201635293785e-01
4.270740218674086708e-01
4.264427184002344551e-01
4.258083411987251266e-01
4.251709216000867375e-01
4.245304908412700362e-01
4.238870800582525966e-01
4.232407202853113448e-01
4.225914424543216197e-01
4.219392773940747743e-01
4.212842558295895601e-01
4.206264083814642563e-01
4.199657655652136445e-01
4.193023577906372368e-01
4.186362153611908332e-01
4.179673684733748451e-01
4.172958472161364396e-01
4.166216815702728504e-01
4.159449014078669959e-01
4.152655364917146041e-01
4.145836164747800368e-01
4.138991708996609398e-01
4.132122291980389051e-01
4.125228206901979666e-01
4.118309745844879188e-01
4.111367199768636849e-01
4.104400858503710614e-01
4.097411010747089577e-01
4.090397944057551083e-01
4.083361944851228165e-01
4.076303298397334629e-01
4.069222288813806321e-01
4.062119199063288222e-01
4.054994310949106007e-01
4.047847905111348621e-01
4.040680261023060216e-01
4.033491656986659679e-01
4.026282370130156441e-01
4.019052676403928603e-01
4.011802850577167456e-01
4.004533166234679475e-01
3.997243895773754940e-01
3.989935310401127033e-01
3.982607680130018091e-01
3.975261273777137006e-01
3.967896358960121272e-01
3.960513202094845808e-01
3.953112068392836687e-01
3.945693221858778688e-01
3.938256925288192156e-01
3.930803440265280835e-01
3.923333027160550435e-01
3.915845945128940131e-01
3.908342452107820275e-01
3.900822804814932376e-01
3.893287258746798152e-01
3.885736068176846025e-01
3.878169486153980605e-01
3.870587764500823535e-01
3.862991153812554979e-01
3.855379903455300461e-01
3.847754261565126677e-01
3.840114475046609299e-01
3.832460789571986437e-01
3.824793449579988458e-01
3.817112698274899296e-01
3.809418777625825925e-01
3.801711928365889004e-01
3.793992389991607261e-01
3.786260400762174738e-01
3.778516197699074430e-01
3.770760016585522623e-01
3.762992091966202435e-01
3.755212657146833610e-01
3.747421944194223586e-01
3.739620183935860043e-01
3.731807605959928109e-01
3.723984438615472459e-01
3.716150909012341241e-01
3.708307243021272681e-01
3.700453665274399118e-01
3.692590399165180393e-01
3.684717666849106621e-01
3.676835689243986849e-01
3.668944686030347624e-01
3.661044875652244568e-01
3.653136475317672605e-01
3.645219700999410284e-01
3.637294767435764742e-01
3.629361888131360514e-01
3.621421275358033820e-01
3.613473140155933905e-01
3.605517692334361257e-01
3.597555140472880053e-01
3.589585691922622668e-01
3.581609552807233365e-01
3.573626928024366545e-01
3.565638021246810840e-01
3.557643034924061198e-01
3.549642170283524578e-01
3.541635627332231917e-01
3.533623604858173728e-01
3.525606300432095330e-01
3.517583910409013415e-01
3.509556629929954097e-01
3.501524652923770908e-01
3.493488172108794587e-01
3.485447378994872003e-01
3.477402463885171380e-01
3.469353615878149610e-01
3.461301022869573973e-01
3.453244871554569384e-01
3.445185347429746692e-01
3.437122634795328202e-01
3.429056916757372564e-01
3.420988375229906953e-01
3.412917190937327927e-01
3.404843543416744001e-01
3.396767611020179434e-01
3.388689570917154392e-01
3.380609599097140205e-01
3.372527870371936354e-01
3.364444558378298922e-01
3.356359835580559059e-01
3.348273873273132084e-01
3.340186841583273614e-01
3.332098909473601434e-01
3.324010244745071452e-01
3.315921014039563963e-01
3.307831382842839618e-01
3.299741515487196741e-01
3.291651575154545539e-01
3.283561723879164229e-01
3.275472122550788789e-01
3.267382930917435702e-01
3.259294307588487261e-01
3.251206410037709715e-01
3.243119394606434058e-01
3.235033416506591375e-01
3.226948629823826464e-01
3.218865187520676407e-01
3.210783241439728042e-01
3.202702942306962508e-01
3.194624439734881083e-01
3.186547882225939654e-01
3.178473417175733950e-01
3.170401190876361297e-01
3.162331348519814012e-01
3.154264034201316180e-01
3.146199390922809203e-01
3.138137560596306885e-01
3.130078684047416515e-01
3.122022901018731700e-01
3.113970350173508317e-01
3.105921169099056800e-01
3.097875494310405320e-01
3.089833461253783109e-01
3.081795204310249781e-01
3.073760856799342966e-01
3.065730550982653235e-01
3.057704418067533902e-01
3.049682588210724798e-01
3.041665190522143680e-01
3.033652353068470586e-01
3.025644202876932587e-01
3.017640865939138495e-01
3.009642467214747041e-01
3.001649130635236640e-01
2.993660979107835018e-01
2.985678134519214599e-01
2.977700717739307779e-01
2.969728848625249884e-01
2.961762646025161705e-01
2.953802227782022505e-01
2.945847710737577452e-01
2.937899210736284461e-01
2.929956842629147240e-01
2.922020720277664352e-01
2.914090956557803813e-01
2.906167663363898312e-01
2.898250951612635906e-01
2.890340931247092904e-01
2.882437711240594669e-01
2.874541399600693548e-01
2.866652103373334981e-01
2.858769928646697212e-01
2.850894980555282454e-01
2.843027363283990860e-01
2.835167180072126758e-01
2.827314533217288317e-01
2.819469524079689093e-01
2.811632253086014943e-01
2.803802819733590690e-01
2.795981322594377483e-01
2.788167859319085062e-01
2.780362526641275145e-01
2.772565420381485346e-01
2.764776635451211551e-01
2.756996265857061257e-01
2.749224404704873614e-01
2.741461144203832245e-01
2.733706575670560301e-01
2.725960789533212747e-01
2.718223875335586959e-01
2.710495921741342129e-01
2.702777016538012722e-01
2.695067246641210112e-01
2.687366698098707651e-01
2.679675456094596231e-01
2.671993604953368240e-01
2.664321228144141407e-01
2.656658408284731099e-01
2.649005227145767583e-01
2.641361765654832716e-01
2.633728103900677686e-01
2.626104321137319730e-01
2.618490495788096117e-01
2.610886705449933509e-01
2.603293026897360307e-01
2.595709536086742153e-01
2.588136308160383092e-01
2.580573417450566787e-01
2.573020937483855297e-01
2.565478940985033707e-01
2.557947499881329523e-01
2.550426685306518282e-01
2.542916567605128519e-01
2.535417216336438573e-01
2.527928700278646024e-01
2.520451087432942217e-01
2.512984445027691693e-01
2.505528839522493390e-01
2.498084336612259870e-01
2.490651001231328765e-01
2.483228897557534787e-01
2.475818089016327828e-01
2.468418638284838873e-01
2.461030607295926487e-01
2.453654057242317110e-01
2.446289048580618519e-01
2.438935641035437363e-01
2.431593893603357370e-01
2.424263864557021364e-01
2.416945611449184406e-01
2.409639191116745571e-01
2.402344659684802763e-01
2.395062072570656453e-01
2.387791484487761795e-01
2.380532949449862545e-01
2.373286520774915420e-01
2.366052251089128255e-01
2.358830192330849673e-01
2.351620395754703552e-01
2.344422911935435949e-01
2.337237790771931056e-01
2.330065081491195789e-01
2.322904832652265827e-01
2.315757092150188823e-01
2.308621907219856884e-01
2.301499324440084981e-01
2.294389389737460649e-01
2.287292148390213942e-01
2.280207645032164832e-01
2.273135923656574298e-01
2.266077027619999296e-01
2.259030999646315374e-01
2.251997881830439252e-01
2.244977715642214600e-01
2.237970541930206780e-01
2.230976400925598624e-01
2.223995332246070378e-01
2.217027374899524228e-01
2.210072567287815204e-01
2.203130947210737434e-01
2.196202551869721187e-01
2.189287417871531305e-01
2.182385581232134664e-01
2.175497077380335043e-01
2.168621941161653355e-01
2.161760206841991938e-01
2.154911908111334373e-01
2.148077078087468894e-01
2.141255749319748158e-01
2.134447953792681929e-01
2.127653722929672420e-01
2.120873087596633066e-01
2.114106078105688069e-01
2.107352724218790885e-01
2.100613055151392683e-01
2.093887099576004773e-01
2.087174885625849019e-01
2.080476440898414159e-01
2.073791792459057370e-01
2.067120966844610552e-01
2.060463990066866147e-01
2.053820887616186752e-01
2.047191684465044237e-01
2.040576405071514166e-01
2.033975073382795484e-01
2.027387712838703560e-01
2.020814346375211512e-01
2.014254996427830013e-01
2.007709684935121697e-01
2.001178433342196417e-01
1.994661262604085217e-01
1.988158193189173417e-01
1.981669245082642861e-01
1.975194437789866142e-01
1.968733790339742273e-01
1.962287321288170572e-01
1.955855048721308886e-01
1.949436990259022229e-01
1.943033163058136004e-01
1.936643583815844671e-01
1.930268268772881990e-01
1.923907233717027099e-01
1.917560493986175674e-01
1.911228064471758026e-01
1.904909959621942928e-01
1.898606193444894175e-01
1.892316779512030755e-01
1.886041730961194596e-01
1.879781060499885748e-01
1.873534780408430966e-01
1.867302902543231946e-01
1.861085438339907805e-01
1.854882398816377620e-01
1.848693794576100613e-01
1.842519635811170620e-01
1.836359932305389187e-01
1.830214693437405560e-01
1.824083928183779790e-01
1.817967645122133824e-01
1.811865852434129398e-01
1.805778557908565007e-01
1.799705768944385720e-01
1.793647492553704648e-01
1.787603735364848290e-01
1.781574503625278638e-01
1.775559803204626863e-01
1.769559639597675649e-01
1.763574017927312665e-01
1.757602942947426028e-01
1.751646419045861935e-01
1.745704450247345385e-01
1.739777040216341775e-01
1.733864192260016202e-01
1.727965909331059258e-01
1.722082194030539470e-01
1.716213048610813197e-01
1.710358474978308230e-01
1.704518474696335439e-01
1.698693048987913734e-01
1.692882198738611121e-01
1.687085924499251433e-01
1.681304226488738729e-01
1.675537104596776516e-01
1.669784558386622209e-01
1.664046587097813279e-01
1.658323189648824580e-01
1.652614364639855282e-01
1.646920110355498679e-01
1.641240424767435591e-01
1.635575305537037283e-01
1.629924750018025281e-01
1.624288755259158668e-01
1.618667318006778710e-01
1.613060434707513646e-01
1.607468101510753089e-01
1.601890314271330051e-01
1.596327068552024497e-01
1.590778359626206506e-01
1.585244182480305408e-01
1.579724531816320832e-01
1.574219402054406192e-01
1.568728787335340047e-01
1.563252681523008281e-01
1.557791078206866020e-01
1.552343970704488929e-01
1.546911352063853884e-01
1.541493215065947997e-01
1.536089552227120625e-01
1.530700355801462853e-01
1.525325617783284404e-01
1.519965329909445384e-01
1.514619483661774901e-01
1.509288070269362014e-01
1.503971080710992669e-01
1.498668505717399291e-01
1.493380335773605017e-01
1.488106561121267379e-01
1.482847171760965643e-01
1.477602157454475373e-01
1.472371507727042450e-01
1.467155211869619336e-01
1.461953258941124101e-01
1.456765637770693067e-01
1.451592336959922624e-01
1.446433344885014183e-01
1.441288649698997115e-01
1.436158239333900632e-01
1.431042101502950636e-01
1.425940223702714671e-01
1.420852593215266024e-01
1.415779197110276499e-01
1.410720022247226590e-01
1.405675055277411378e-01
1.400644282646062999e-01
1.395627690594501424e-01
1.390625265162136470e-01
1.385636992188523098e-01
1.380662857315450853e-01
1.375702845989003886e-01
1.370756943461526878e-01
1.365825134793684226e-01
1.360907404856399605e-01
1.356003738332906272e-01
1.351114119720706330e-01
1.346238533333536658e-01
1.341376963303325676e-01
1.336529393582120417e-01
1.331695807944010268e-01
1.326876189987059584e-01
1.322070523135220055e-01
1.317278790640207808e-01
1.312500975583437979e-01
1.307737060877810220e-01
1.302987029269647712e-01
1.298250863340512096e-01
1.293528545509017302e-01
1.288820058032715543e-01
1.284125383009846466e-01
1.279444502381186233e-01
1.274777397931821654e-01
1.270124051292934597e-01
1.265484443943576398e-01
1.260858557212450881e-01
1.256246372279611057e-01
1.251647870178211053e-01
1.247063031796243615e-01
1.242491837878256788e-01
1.237934269027060330e-01
1.233390305705393403e-01
1.228859928237654719e-01
1.224343116811511534e-01
1.219839851479627285e-01
1.215350112161204532e-01
1.210873878643737300e-01
1.206411130584602726e-01
1.201961847512684339e-01
1.197526008829942618e-01
1.193103593813010094e-01
1.188694581614829215e-01
1.184298951266204020e-01
1.179916681677358331e-01
1.175547751639488409e-01
1.171192139826309209e-01
1.166849824795644780e-01
1.162520784990850736e-01
1.158204998742360797e-01
1.153902444269225697e-01
1.149613099680580480e-01
1.145336942977146916e-01
1.141073952052684554e-01
1.136824104695439708e-01
1.132587378589633986e-01
1.128363751316900643e-01
1.124153200357733556e-01
1.119955703092880284e-01
1.115771236804730115e-01
1.111599778678788591e-01
1.107441305805064169e-01
1.103295795179393274e-01
1.099163223704830578e-01
1.095043568193053707e-01
1.090936805365699674e-01
1.086842911855713106e-01
1.082761864208653946e-01
1.078693638884081762e-01
1.074638212256835562e-01
1.070595560618333303e-01
1.066565660177887231e-01
1.062548487064037400e-01
1.058544017325723924e-01
1.054552226933701820e-01
1.050573091781638879e-01
1.046606587687533702e-01
1.042652690394854781e-01
1.038711375573821427e-01
1.034782618822597117e-01
1.030866395668549318e-01
1.026962681569435071e-01
1.023071451914601693e-01
1.019192682026164032e-01
1.015326347160231818e-01
1.011472422508054997e-01
1.007630883197202926e-01
1.003801704292682784e-01
9.999848607980710291e-02
9.961803276567622600e-02
9.923880797530036657e-02
9.886080919130746381e-02
9.848403389063639657e-02
9.810847954464743670e-02
9.773414361923622729e-02
9.736102357493721382e-02
9.698911686703565183e-02
9.661842094567037187e-02
9.624893325594723048e-02
9.588065123804496992e-02
9.551357232731085001e-02
9.514769395437149002e-02
9.478301354523598066e-02
9.441952852139645636e-02
9.405723629992959745e-02
9.369613429360071355e-02
9.333621991096138770e-02
9.297749055645231075e-02
9.261994363049529111e-02
9.226357652959213396e-02
9.190838664642937694e-02
9.155437136996462388e-02
9.120152808553166901e-02
9.084985417492652537e-02
9.049934701650839963e-02
9.015000398528885683e-02
8.980182245302367749e-02
8.945479978830579715e-02
8.910893335665484583e-02
8.876422052061438972e-02
8.842065863983382401e-02
8.807824507116353285e-02
8.773697716873561647e-02
8.739685228405659478e-02
8.705786776609417132e-02
8.672002096135913995e-02
8.638330921399724194e-02
8.604772986586646522e-02
8.571328025662926231e-02
8.537995772382496462e-02
8.504775960295991866e-02
8.471668322759222380e-02
8.438672592940381356e-02
8.405788503828567904e-02
8.373015788242023361e-02
8.340354178835686361e-02
8.307803408109040721e-02
8.275363208413880067e-02
8.243033311962562337e-02
8.210813450834764105e-02
8.178703356986180562e-02
8.146702762255139674e-02
8.114811398370053164e-02
8.083028996957351830e-02
8.051355289548534078e-02
8.019790007587336567e-02
7.988332882437225446e-02
7.956983645387920301e-02
7.925742027663522371e-02
7.894607760428822008e-02
7.863580574796255607e-02
7.832660201833058222e-02
7.801846372567904087e-02
7.771138817997898240e-02
7.740537269094437123e-02
7.710041456811179972e-02
7.679651112089373732e-02
7.649365965865653760e-02
7.619185749077671266e-02
7.589110192670581179e-02
7.559139027603531402e-02
7.529271984856135413e-02
7.499508795434670083e-02
7.469849190378206882e-02
7.440292900764539086e-02
7.410839657716361550e-02
7.381489192407496291e-02
7.352241236068715602e-02
7.323095519993570723e-02
7.294051775544245497e-02
7.265109734157869370e-02
7.236269127351568908e-02
7.207529686728060547e-02
7.178891143982339684e-02
7.150353230906096591e-02
7.121915679394133503e-02
7.093578221448595955e-02
7.065340589186076825e-02
7.037202514841801870e-02
7.009163730775580525e-02
6.981223969476622881e-02
6.953382963568970065e-02
6.925640445816640123e-02
6.897996149128919618e-02
6.870449806565184780e-02
6.843001151339717092e-02
6.815649916827458410e-02
6.788395836568106301e-02
6.761238644271658216e-02
6.734178073822542909e-02
6.707213859285059143e-02
6.680345734907844335e-02
6.653573435128519453e-02
6.626896694578260361e-02
6.600315248086360831e-02
6.573828830684823321e-02
6.547437177613171788e-02
6.521140024322501227e-02
6.494937106479765909e-02
6.468828159972762892e-02
6.442812920914167685e-02
6.416891125645250715e-02
6.391062510741012115e-02
6.365326813013633123e-02
6.339683769516911427e-02
6.314133117550432828e-02
6.288674594663404283e-02
6.263307938658789487e-02
6.238032887597397269e-02
6.212849179801385735e-02
6.187756553858927977e-02
6.162754748626928653e-02
6.137843503235745901e-02
6.113022557092405440e-02
6.088291649884690349e-02
6.063650521584747904e-02
6.039098912452618706e-02
6.014636563039851835e-02
5.990263214192814711e-02
5.965978607056424826e-02
5.941782483078049404e-02
5.917674584010093608e-02
5.893654651913811382e-02
5.869722429162888694e-02
5.845877658446568120e-02
5.822120082772890698e-02
5.798449445471632463e-02
5.774865490197982065e-02
5.751367960935484247e-02
5.727956601999571046e-02
5.704631158039815547e-02
5.681391374043922443e-02
5.658236995340065051e-02
5.635167767599679606e-02
5.612183436841126222e-02
5.589283749432535919e-02
5.566468452094313485e-02
5.543737291902008091e-02
5.521090016289272734e-02
5.498526373050541260e-02
5.476046110343939927e-02
5.453648976693427353e-02
5.431334720992304216e-02
5.409103092505387900e-02
5.386953840871894217e-02
5.364886716107290787e-02
5.342901468606459786e-02
5.320997849146246600e-02
5.299175608887506106e-02
5.277434499377900434e-02
5.255774272554299825e-02
5.234194680744678335e-02
5.212695476670956701e-02
5.191276413451151317e-02
5.169937244601526677e-02
5.148677724039191217e-02
5.127497606083891019e-02
5.106396645460554995e-02
5.085374597301466071e-02
5.064431217148055581e-02
5.043566260952954405e-02
5.022779485082824735e-02
5.002070646319230901e-02
4.981439501861446156e-02
4.960885809328260260e-02
4.940409326759986897e-02
4.920009812620424611e-02
4.899687025798624834e-02
4.879440725610627305e-02
4.859270671801637492e-02
4.839176624547759931e-02
4.819158344457560167e-02
4.799215592573924383e-02
4.779348130375737219e-02
4.759555719779953037e-02
4.739838123142475074e-02
4.720195103260848429e-02
4.700626423374854729e-02
4.681131847168883142e-02
4.661711138772988566e-02
4.642364062764937210e-02
4.623090384171326533e-02
4.603889868469289437e-02
4.584762281587634325e-02
4.565707389909091918e-02
4.546724960270677462e-02
4.527814759965353292e-02
4.508976556744250658e-02
4.490210118817269946e-02
4.471515214854472620e-02
4.452891613987682018e-02
4.434339085811193903e-02
4.415857400383707554e-02
4.397446328228982876e-02
4.379105640337194183e-02
4.360835108166487978e-02
4.342634503643771904e-02
4.324503599165833989e-02
4.306442167600692955e-02
4.288449982288302514e-02
4.270526817042171602e-02
4.252672446150288638e-02
4.234886644375730064e-02
4.217169186958106414e-02
4.199519849614472694e-02
4.181938408540304686e-02
4.164424640409932626e-02
4.146978322378128134e-02
4.129599232080633647e-02
4.112287147635549506e-02
4.095041847643694777e-02
4.077863111189572454e-02
4.060750717842227797e-02
4.043704447656312068e-02
4.026724081172017994e-02
4.009809399416540410e-02
3.992960183904947086e-02
3.976176216640751881e-02
3.959457280116415040e-02
3.942803157314427043e-02
3.926213631707085872e-02
3.909688487258240058e-02
3.893227508422997252e-02
3.876830480149359714e-02
3.860497187878104974e-02
3.844227417543403386e-02
3.828020955573609857e-02
3.811877588891885577e-02
3.795797104916261155e-02
3.779779291560593502e-02
3.763823937234949540e-02
3.747930830846011446e-02
3.732099761797384729e-02
3.716330519990340003e-02
3.700622895824370873e-02
3.684976680196903887e-02
3.669391664504392109e-02
3.653867640642485121e-02
3.638404401006321842e-02
3.623001738490744944e-02
3.607659446491019717e-02
3.592377318902910399e-02
3.577155150122777322e-02
3.561992735048283981e-02
3.546889869078199281e-02
3.531846348113482775e-02
3.516861968556630330e-02
3.501936527312329850e-02
3.487069821787552870e-02
3.472261649891855012e-02
3.457511810037425942e-02
3.442820101139267702e-02
3.428186322615212750e-02
3.413610274386526949e-02
3.399091756877387766e-02
3.384630571016045836e-02
3.370226518233664093e-02
3.355879400465299617e-02
3.341589020149456774e-02
3.327355180228527831e-02
3.313177684148522345e-02
3.299056335859344713e-02
3.284990939814846217e-02
3.270981300972435751e-02
3.257027224793553749e-02
3.243128517243142744e-02
3.229284984790199708e-02
3.215496434407286858e-02
3.201762673570678064e-02
3.188083510260338732e-02
3.174458752959739144e-02
3.160888210655812824e-02
3.147371692838586699e-02
3.133909009501385790e-02
3.120499971140817258e-02
3.107144388756536216e-02
3.093842073851046232e-02
3.080592838429411368e-02
3.067396494999070564e-02
3.054252856570041988e-02
3.041161736654343639e-02
3.028122949265954489e-02
3.015136308920616029e-02
3.002201630635385754e-02
2.989318729928557017e-02
2.976487422819719744e-02
2.963707525829135589e-02
2.950978855977721971e-02
2.938301230786375187e-02
2.925674468275847248e-02
2.913098386966972778e-02
2.900572805879653507e-02
2.888097544532928357e-02
2.875672422944593187e-02
2.863297261630844137e-02
2.850971881605742636e-02
2.838696104381424265e-02
2.826469751967240415e-02
2.814292646869562611e-02
2.802164612091196522e-02
2.790085471131379877e-02
2.778055047984915454e-02
2.766073167142275163e-02
2.754139653588835723e-02
2.742254332804581682e-02
2.730417030763790734e-02
2.718627573934503591e-02
2.706885789278122220e-02
2.695191504248641706e-02
2.683544546792764746e-02
2.671944745348610317e-02
2.660391928846114057e-02
2.648885926706088037e-02
2.637426568840275237e-02
2.626013685649917009e-02
2.614647108025728445e-02
2.603326667347454285e-02
2.592052195483282931e-02
2.580823524789312845e-02
2.569640488108822229e-02
2.558502918772259660e-02
2.547410650596703199e-02
2.536363517884114571e-02
2.525361355422132623e-02
2.514403998482780955e-02
2.503491282822583805e-02
2.492623044681247305e-02
2.481799120781293805e-02
2.471019348327704521e-02
2.460283565006840187e-02
2.449591608986124644e-02
2.438943318913349215e-02
2.428338533916484313e-02
2.417777093602696201e-02
2.407258838057399833e-02
2.396783607844334488e-02
2.386351244004256134e-02
2.375961588054623444e-02
2.365614481988879622e-02
2.355309768275704735e-02
2.345047289858597644e-02
2.334826890155037443e-02
2.324648413055803442e-02
2.314511702924204259e-02
2.304416604595585505e-02
2.294362963376532852e-02
2.284350625043977609e-02
2.274379435845186662e-02
2.264449242496243200e-02
2.254559892181376771e-02
2.244711232552952865e-02
2.234903111729946712e-02
2.225135378297977279e-02
2.215407881307799101e-02
2.205720470275246772e-02
2.196072995180528564e-02
2.186465306466528827e-02
2.176897255039040441e-02
2.167368692265282323e-02
2.157879469973952163e-02
2.148429440453627701e-02
2.139018456452605049e-02
2.129646371178256156e-02
2.120313038295276037e-02
2.111018311925980454e-02
2.101762046648899748e-02
2.092544097498309427e-02
2.083364319963376329e-02
2.074222569987212161e-02
2.065118703966038402e-02
2.056052578748671436e-02
2.047024051635354391e-02
2.038032980377171843e-02
2.029079223175295210e-02
2.020162638680089370e-02
2.011283085990266117e-02
2.002440424652131984e-02
1.993634514658342363e-02
1.984865216448044450e-02
1.976132390905053701e-02
1.967435899357417375e-02
1.958775603576805649e-02
1.950151365777159571e-02
1.941563048613724127e-02
1.933010515183220326e-02
1.924493629022177091e-02
1.916012254106163465e-02
1.907566254849187015e-02
1.899155496102641547e-02
1.890779843154582682e-02
1.882439161728553800e-02
1.874133317982720412e-02
1.865862178509687316e-02
1.857625610335140662e-02
1.849423480916393206e-02
1.841255658142723281e-02
1.833122010333291738e-02
1.825022406237298070e-02
1.816956715032238059e-02
1.808924806323838896e-02
1.800926550144419866e-02
1.792961816952601956e-02
1.785030477631915913e-02
1.777132403490104193e-02
1.769267466258074226e-02
1.761435538089378000e-02
1.753636491559182678e-02
1.745870199663267924e-02
1.738136535816845601e-02
1.730435373854325581e-02
1.722766588027995968e-02
1.715130053006870547e-02
1.707525643876059776e-02
1.699953236136002993e-02
1.692412705701556302e-02
1.684903928900914616e-02
1.677426782474753311e-02
1.669981143574931701e-02
1.662566889763915368e-02
1.655183899013957030e-02
1.647832049705921439e-02
1.640511220628892639e-02
1.633221290978349033e-02
1.625962140356117247e-02
1.618733648768709218e-02
1.611535696627076908e-02
1.604368164745095804e-02
1.597230934338962627e-02
1.590123887026212782e-02
1.583046904824854384e-02
1.575999870152057850e-02
1.568982665823706601e-02
1.561995175053242785e-02
1.555037281450532063e-02
1.548108869021494818e-02
1.541209822166264738e-02
1.534340025679357088e-02
1.527499364747727725e-02
1.520687724950442986e-02
1.513904992257465547e-02
1.507151053028824711e-02
1.500425794013293852e-02
1.493729102348500919e-02
1.487060865558654035e-02
1.480420971554535607e-02
1.473809308632167102e-02
1.467225765471952270e-02
1.460670231137670659e-02
1.454142595075404165e-02
1.447642747112863615e-02
1.441170577458153468e-02
1.434725976699044100e-02
1.428308835802380959e-02
1.421919046112012780e-02
1.415556499349032542e-02
1.409221087610018977e-02
1.402912703366506614e-02
1.396631239464231691e-02
1.390376589121400212e-02
1.384148645928687769e-02
1.377947303847329961e-02
1.371772457208950483e-02
1.365624000714246201e-02
1.359501829432348090e-02
1.353405838799263787e-02
1.347335924617445654e-02
1.341291983054792615e-02
1.335273910643376347e-02
1.329281604278917221e-02
1.323314961219352638e-02
1.317373879084071837e-02
1.311458255853142907e-02
1.305567989866601372e-02
1.299702979822612604e-02
1.293863124777483962e-02
1.288048324143913070e-02
1.282258477690344754e-02
1.276493485540331103e-02
1.270753248171193825e-02
1.265037666413241710e-02
1.259346641448716962e-02
1.253680074811239220e-02
1.248037868383987739e-02
1.242419924399865670e-02
1.236826145439940891e-02
1.231256434432255291e-02
1.225710694651236873e-02
1.220188829716922427e-02
1.214690743593273281e-02
1.209216340588232033e-02
1.203765525351881832e-02
1.198338202876203865e-02
1.192934278493553747e-02
1.187553657876128446e-02
1.182196247034826737e-02
1.176861952318115218e-02
1.171550680411521071e-02
1.166262338336750137e-02
1.160996833449868051e-02
1.155754073441676334e-02
1.150533966335552660e-02
1.145336420487324570e-02
1.140161344583838499e-02
1.135008647642571887e-02
1.129878239010288950e-02
1.124770028361841805e-02
1.119683925699696894e-02
1.114619841353087920e-02
1.109577685976452163e-02
1.104557370549380177e-02
1.099558806375092179e-02
1.094581905079699061e-02
1.089626578610696297e-02
1.084692739237069076e-02
1.079780299547567282e-02
1.074889172450170516e-02
1.070019271170759463e-02
1.065170509252601552e-02
1.060342800555741545e-02
1.055536059255052055e-02
1.050750199839914183e-02
1.045985137113500905e-02
1.041240786191611686e-02
1.036517062501773889e-02
1.031813881782355294e-02
1.027131160081458730e-02
1.022468813756230444e-02
1.017826759471817527e-02
1.013204914200355362e-02
1.008603195220341558e-02
1.004021520115720711e-02
9.994598067750994422e-03
9.949179733900762046e-03
9.903959384550846401e-03
9.858936207664564799e-03
9.814109394208403447e-03
9.769478138151431110e-03
9.725041636449336183e-03
9.680799089043106570e-03
9.636749698843193393e-03
9.592892671720577163e-03
9.549227216502170767e-03
9.505752544958907119e-03
9.462467871800491620e-03
9.419372414659701181e-03
9.376465394089065694e-03
9.333746033548001586e-03
9.291213559396199057e-03
9.248867200889000773e-03
9.206706190160894240e-03
9.164729762218184334e-03
9.122937154934424031e-03
9.081327609040902929e-03
9.039900368113397422e-03
8.998654678565394874e-03
8.957589789640341138e-03
8.916704953405026057e-03
8.875999424734508716e-03
8.835472461308495340e-03
8.795123323601465246e-03
8.754951274874647749e-03
8.714955581164350942e-03
8.675135511274313302e-03
8.635490336769670316e-03
8.596019331967651167e-03
8.556721773926060162e-03
8.517596942436126209e-03
8.478644120015111155e-03
8.439862591895478175e-03
8.401251646019141164e-03
8.362810573025909744e-03
8.324538666247957228e-03
8.286435221699093093e-03
8.248499538065220266e-03
8.210730916699948007e-03
8.173128661612244147e-03
8.135692079460082535e-03
8.098420479542518813e-03
8.061313173788033082e-03
8.024369476749025620e-03
7.987588705587600826e-03
7.950970180076441518e-03
7.914513222588152527e-03
7.878217158080036767e-03
7.842081314094272171e-03
7.806105020742349493e-03
7.770287610703902233e-03
7.734628419212915586e-03
7.699126784049118745e-03
7.663782045531815357e-03
7.628593546514999407e-03
7.593560632373016865e-03
7.558682650994585223e-03
7.523958952775826846e-03
7.489388890610417480e-03
7.454971819883835643e-03
7.420707098462227432e-03
7.386594086686314176e-03
7.352632147365023400e-03
7.318820645762065535e-03
7.285158949589739218e-03
7.251646429001356621e-03
7.218282456584791153e-03
7.185066407357452826e-03
7.151997658747979991e-03
7.119075590599516223e-03
7.086299585152032628e-03
7.053669027044665377e-03
7.021183303298179391e-03
6.988841803310501428e-03
6.956643918852207197e-03
6.924589044053963693e-03
6.892676575402740570e-03
6.860905911732968245e-03
6.829276454209934864e-03
6.797787606332800388e-03
6.766438773922285252e-03
6.735229365115617123e-03
6.704158790356479908e-03
6.673226462384980115e-03
6.642431796235520082e-03
6.611774209227574452e-03
6.581253120953116896e-03
6.550867953275671222e-03
6.520618130319436392e-03
6.490503078460389125e-03
6.460522226320103076e-03
6.430675004760058946e-03
6.400960846870380923e-03
6.371379187963409525e-03
6.341929465568524327e-03
6.312611119421519638e-03
6.283423591453606363e-03
6.254366325796373305e-03
6.225438768761663508e-03
6.196640368839898515e-03
6.167970576692551402e-03
6.139428845141004648e-03
6.111014629162875994e-03
6.082727385884468922e-03
6.054566574573305542e-03
6.026531656627624571e-03
5.998622095573698590e-03
5.970837357053635462e-03
5.943176908826602184e-03
5.915640220746430471e-03
5.888226764769863633e-03
5.860936014938452135e-03
5.833767447379972597e-03
5.806720540295357523e-03
5.779794773954965645e-03
5.752989630686722484e-03
5.726304594871455683e-03
5.699739152939119376e-03
5.673292793356624238e-03
5.646965006623805988e-03
5.620755285263479353e-03
5.594663123819371142e-03
5.568688018839868491e-03
5.542829468883816307e-03
5.517086974500920102e-03
5.491460038234121689e-03
5.465948164606862850e-03
5.440550860119704353e-03
5.415267633241249018e-03
5.390097994401731041e-03
5.365041455985596584e-03
5.340097532324660293e-03
5.315265739693074594e-03
5.290545596298300464e-03
5.265936622278644987e-03
5.241438339687719099e-03
5.217050272494753310e-03
5.192771946578585152e-03
5.168602889712910556e-03
5.144542631568552876e-03
5.120590703698804473e-03
5.096746639540018255e-03
5.073009974403103195e-03
5.049380245463138545e-03
5.025856991758055441e-03
5.002439754177150436e-03
4.979128075456443377e-03
4.955921500172490515e-03
4.932819574733304097e-03
4.909821847377083409e-03
4.886927868161028421e-03
4.864137188956154691e-03
4.841449363439817577e-03
4.818863947093074591e-03
4.796380497185489221e-03
4.773998572780558877e-03
4.751717734715837568e-03
4.729537545612150749e-03
4.707457569852089956e-03
4.685477373582428405e-03
4.663596524706229741e-03
4.641814592876345423e-03
4.620131149486572837e-03
4.598545767667575231e-03
4.577058022282339336e-03
4.555667489917827016e-03
4.534373748878661736e-03
4.513176379180313703e-03
4.492074962543917381e-03
4.471069082390931142e-03
4.450158323835102028e-03
4.429342273677942463e-03
4.408620520403570310e-03
4.387992654166168564e-03
4.367458266791025313e-03
4.347016951765074293e-03
4.326668304231603111e-03
4.306411920981496368e-03
4.286247400452697018e-03
4.266174342721478115e-03
4.246192349495952340e-03
4.226301024106933479e-03
4.206499971507961580e-03
4.186788798267365719e-03
4.167167112561685934e-03
4.147634524168376975e-03
4.128190644463166324e-03
4.108835086409948559e-03
4.089567464556504058e-03
4.070387395031239454e-03
4.051294495531506876e-03
4.032288385328312852e-03
4.013368685250281662e-03
3.994535017680523291e-03
3.975787006553090260e-03
3.957124277348678110e-03
3.938546457080836956e-03
3.920053174298687194e-03
3.901644059075753089e-03
3.883318743010327062e-03
3.865076859214456803e-03
3.846918042307569726e-03
3.828841928412557265e-03
3.810848155154853735e-03
3.792936361649626702e-03
3.775106188502972641e-03
3.757357277796700371e-03
3.739689273092778894e-03
3.722101819421638844e-03
3.704594563282688578e-03
3.687167152632213601e-03
3.669819236879988227e-03
3.652550466885681225e-03
3.635360494951645014e-03
3.618248974820036448e-03
3.601215561660902741e-03
3.584259912075016003e-03
3.567381684084316214e-03
3.550580537125425529e-03
3.533856132046938638e-03
3.517208131102974797e-03
3.500636197947173088e-03
3.484139997628534283e-03
3.467719196584717872e-03
3.451373462638075186e-03
3.435102464990417472e-03
3.418905874219310519e-03
3.402783362265610241e-03
3.386734602440547286e-03
3.370759269408478247e-03
3.354857039189734942e-03
3.339027589150059521e-03
3.323270597998369269e-03
3.307585745784217407e-03
3.291972713885279664e-03
3.276431185011580496e-03
3.260960843192057222e-03
3.245561373773744266e-03
3.230232463418428613e-03
3.214973800092841248e-03
3.199785073067303205e-03
3.184665972904992832e-03
3.169616191465573097e-03
3.154635421895895641e-03
3.139723358625147020e-03
3.124879697359791118e-03
3.110104135077272538e-03
3.095396370026462854e-03
3.080756101715714877e-03
3.066183030911892506e-03
3.051676859634027718e-03
3.037237291154828035e-03
3.022864029985158560e-03
3.008556781875897698e-03
2.994315253811942381e-03
2.980139154007762844e-03
2.966028191904680408e-03
2.951982078158609489e-03
2.938000524644162822e-03
2.924083244446548137e-03
2.910229951854981841e-03
2.896440362357448860e-03
2.882714192640373468e-03
2.869051160580536781e-03
2.855450985244275749e-03
2.841913386875442871e-03
2.828438086899406033e-03
2.815024807912704357e-03
2.801673273682744620e-03
2.788383209139874436e-03
2.775154340373172952e-03
2.761986394624669876e-03
2.748879100292344821e-03
2.735832186919019433e-03
2.722845385186997529e-03
2.709918426915875009e-03
2.697051045058465862e-03
2.684242973692240863e-03
2.671493948022965730e-03
2.658803704375294584e-03
2.646171980185577349e-03
2.633598514003621799e-03
2.621083045483816980e-03
2.608625315382941817e-03
2.596225065553711513e-03
2.583882038946835359e-03
2.571595979597527531e-03
2.559366632626563099e-03
2.547193744233648346e-03
2.535077061696335704e-03
2.523016333364941008e-03
2.511011308656048695e-03
2.499061738049068813e-03
2.487167373082692541e-03
2.475327966351990872e-03
2.463543271503697459e-03
2.451813043228806555e-03
2.440137037265329920e-03
2.428515010386646852e-03
2.416946720399503618e-03
2.405431926139999302e-03
2.393970387472430482e-03
2.382561865282989411e-03
2.371206121474754569e-03
2.359902918965126311e-03
2.348652021682507036e-03
2.337453194560692397e-03
2.326306203531893803e-03
2.315210815529107190e-03
2.304166798480363279e-03
2.293173921302416648e-03
2.282231953899128106e-03
2.271340667156859002e-03
2.260499832938625640e-03
2.249709224080772511e-03
2.238968614393235107e-03
2.228277778650710177e-03
2.217636492589312482e-03
2.207044532905371760e-03
2.196501677248926653e-03
2.186007704224462393e-03
2.175562393377794990e-03
2.165165525204702790e-03
2.154816881136415504e-03
2.144516243541998591e-03
2.134263395723236690e-03
2.124058121909010079e-03
2.113900207252494400e-03
2.103789437829545628e-03
2.093725600630342177e-03
2.083708483561179034e-03
2.073737875440300957e-03
2.063813565989330336e-03
2.053935345832473124e-03
2.044103006493213758e-03
2.034316340388970471e-03
2.024575140829686700e-03
2.014879202015274536e-03
2.005228319026250254e-03
1.995622287826696352e-03
1.986060905256953162e-03
1.976543969035322781e-03
1.967071277745971545e-03
1.957642630840569775e-03
1.948257828635550047e-03
1.938916672304969238e-03
1.929618963880580735e-03
1.920364506245713027e-03
1.911153103138144363e-03
1.901984559135597424e-03
1.892858679662499325e-03
1.883775270976361434e-03
1.874734140174937926e-03
1.865735095187795890e-03
1.856777944771993054e-03
1.847862498510482922e-03
1.838988566808578973e-03
1.830155960890028979e-03
1.821364492793633603e-03
1.812613975369287969e-03
1.803904222275846004e-03
1.795235047978814124e-03
1.786606267745984933e-03
1.778017697641190486e-03
1.769469154527136606e-03
1.760960456054783130e-03
1.752491420668352701e-03
1.744061867596727192e-03
1.735671616850284439e-03
1.727320489220530476e-03
1.719008306272914533e-03
1.710734890347332966e-03
1.702500064552589639e-03
1.694303652766394191e-03
1.686145479626660441e-03
1.678025370531664468e-03
1.669943151640633549e-03
1.661898649864026285e-03
1.653891692864402569e-03
1.645922109050700511e-03
1.637989727578306265e-03
1.630094378345807275e-03
1.622235891988110844e-03
1.614414099878250632e-03
1.606628834118778090e-03
1.598879927542814139e-03
1.591167213710144952e-03
1.583490526904486519e-03
1.575849702127161793e-03
1.568244575103657293e-03
1.560674982268133761e-03
1.553140760767707023e-03
1.545641748460692454e-03
1.538177783908393440e-03
1.530748706374394051e-03
1.523354355823101870e-03
1.515994572917627511e-03
1.508669199012677674e-03
1.501378076153228949e-03
1.494121047072617019e-03
1.486897955193159640e-03
1.479708644617382411e-03
1.472552960128649564e-03
1.465430747187253463e-03
1.458341851926086901e-03
1.451286121150770604e-03
1.444263402334990728e-03
1.437273543620196364e-03
1.430316393808072576e-03
1.423391802360829015e-03
1.416499619397745434e-03
1.409639695695625748e-03
1.402811882677128122e-03
1.396016032420207501e-03
1.389251997645152238e-03
1.382519631720322125e-03
1.375818788651951693e-03
1.369149323086538052e-03
1.362511090305430946e-03
1.355903946220844616e-03
1.349327747374252104e-03
1.342782350937797315e-03
1.336267614709356908e-03
1.329783397108440495e-03
1.323329557173466044e-03
1.316905954559969638e-03
1.310512449536958444e-03
1.304148902989890526e-03
1.297815176408582960e-03
1.291511131891123852e-03
1.285236632141135375e-03
1.278991540463433061e-03
1.272775720760545510e-03
1.266589037532805245e-03
1.260431355877203582e-03
1.254302541480040601e-03
1.248202460617940397e-03
1.242130980151082186e-03
1.236087967527093245e-03
1.230073290772524912e-03
1.224086818494811955e-03
1.218128419878986360e-03
1.212197964684679071e-03
1.206295323238379012e-03
1.200420366443541095e-03
1.194572965765270138e-03
1.188752993234895323e-03
1.182960321444606871e-03
1.177194823547855025e-03
1.171456373256115659e-03
1.165744844833183904e-03
1.160060113097548988e-03
1.154402053419824672e-03
1.148770541715573136e-03
1.143165454448002473e-03
1.137586668622363531e-03
1.132034061787082040e-03
1.126507512028151114e-03
1.121006897967733503e-03
1.115532098761048410e-03
1.110082994095009734e-03
1.104659464188406919e-03
1.099261389785826260e-03
1.093888652154841740e-03
1.088541133087848412e-03
1.083218714898517062e-03
1.077921280416761340e-03
1.072648712990250438e-03
1.067400896478866001e-03
1.062177715255617407e-03
1.056979054204674161e-03
1.051804798714511130e-03
1.046654834679655631e-03
1.041529048497891923e-03
1.036427327065815324e-03
1.031349557780419056e-03
1.026295628533243449e-03
1.021265427713777306e-03
1.016258844200466178e-03
1.011275767363348926e-03
1.006316087058788718e-03
1.001379693632035214e-03
9.964664779085739311e-04
9.915763311995075789e-04
9.867091452912973328e-04
9.818648124511994597e-04
9.770432254201143543e-04
9.722442774116764590e-04
9.674678621115264396e-04
9.627138736741427125e-04
9.579822067210051317e-04
9.532727563383150199e-04
9.485854180794732211e-04
9.439200879522649393e-04
9.392766624291029555e-04
9.346550384376981760e-04
9.300551133622983338e-04
9.254767850363214855e-04
9.209199517482133043e-04
9.163845122358000141e-04
9.118703656796852720e-04
9.073774117104557767e-04
9.029055504002227563e-04
8.984546822658820561e-04
8.940247082600999732e-04
8.896155297725607397e-04
8.852270486309975987e-04
8.808591670940652592e-04
8.765117878589212888e-04
8.721848140481072665e-04
8.678781492121959715e-04
8.635916973274250031e-04
8.593253627955532324e-04
8.550790504418137204e-04
8.508526655103537803e-04
8.466461136628771226e-04
8.424593009818672970e-04
8.382921339626947001e-04
8.341445195137208758e-04
8.300163649547369392e-04
8.259075780170275442e-04
8.218180668392004997e-04
8.177477399632311671e-04
8.136965063401660134e-04
8.096642753186696420e-04
8.056509566498977395e-04
8.016564604843558163e-04
7.976806973684253147e-04
7.937235782470222897e-04
7.897850144578229476e-04
7.858649177300401243e-04
7.819632001821401725e-04
7.780797743239777553e-04
7.742145530492286574e-04
7.703674496375391076e-04
7.665383777499477349e-04
7.627272514324399087e-04
7.589339851104155970e-04
7.551584935869446683e-04
7.514006920421076969e-04
7.476604960309510490e-04
7.439378214804005926e-04
7.402325846903135909e-04
7.365447023289705894e-04
7.328740914335339250e-04
7.292206694081902708e-04
7.255843540229239700e-04
7.219650634098324828e-04
7.183627160629008730e-04
7.147772308366582639e-04
7.112085269431983429e-04
7.076565239542985429e-04
7.041211417935711774e-04
7.006023007423004597e-04
6.970999214305513949e-04
6.936139248417451126e-04
6.901442323049220007e-04
6.866907654984211618e-04
6.832534464452783007e-04
6.798321975155977416e-04
6.764269414205263242e-04
6.730376012112957275e-04
6.696641002811725167e-04
6.663063623582748691e-04
6.629643115110153782e-04
6.596378721428038583e-04
6.563269689864258648e-04
6.530315271142379894e-04
6.497514719205315769e-04
6.464867291333020651e-04
6.432372248081482877e-04
6.400028853272157021e-04
6.367836373972719311e-04
6.335794080454766391e-04
6.303901246247991825e-04
6.272157148051271756e-04
6.240561065765079301e-04
6.209112282460476371e-04
6.177810084385851981e-04
6.146653760931935053e-04
6.115642604587176239e-04
6.084775910997504813e-04
6.054052978880817637e-04
6.023473110040860213e-04
5.993035609388369699e-04
5.962739784854796275e-04
5.932584947463819284e-04
5.902570411238946104e-04
5.872695493207175663e-04
5.842959513433811092e-04
5.813361794979424483e-04
5.783901663847819527e-04
5.754578449022266628e-04
5.725391482454025545e-04
5.696340099007754726e-04
5.667423636455300997e-04
5.638641435490811173e-04
5.609992839704102969e-04
5.581477195564459428e-04
5.553093852440321287e-04
5.524842162528284745e-04
5.496721480864461733e-04
5.468731165320616901e-04
5.440870576597218967e-04
5.413139078170109897e-04
5.385536036368315923e-04
5.358060820214901850e-04
5.330712801556728364e-04
5.303491354976331337e-04
5.276395857783291576e-04
5.249425690033416528e-04
5.222580234483178855e-04
5.195858876617160836e-04
5.169261004589825129e-04
5.142786009226938326e-04
5.116433284009258044e-04
5.090202225087938357e-04
5.064092231225129611e-04
5.038102703811218322e-04
5.012233046893266883e-04
4.986482667080931923e-04
4.960850973596090405e-04
4.935337378240263690e-04
4.909941295340923507e-04
4.884662141834249108e-04
4.859499337142209638e-04
4.834452303257328145e-04
4.809520464698683576e-04
4.784703248467701885e-04
4.760000084073314408e-04
4.735410403482891747e-04
4.710933641150643909e-04
4.686569234016149037e-04
4.662316621444186158e-04
4.638175245227834915e-04
4.614144549583462760e-04
4.590223981135832347e-04
4.566412988901996802e-04
4.542711024325292164e-04
4.519117541208702866e-04
4.495631995712236879e-04
4.472253846373791183e-04
4.448982554043058807e-04
4.425817581932320983e-04
4.402758395545519187e-04
4.379804462717086381e-04
4.356955253593182724e-04
4.334210240600934591e-04
4.311568898436585868e-04
4.289030704078294247e-04
4.266595136755493302e-04
4.244261677947348582e-04
4.222029811373537015e-04
4.199899022979126082e-04
4.177868800910103917e-04
4.155938635525864978e-04
4.134108019357009105e-04
4.112376447118303697e-04
4.090743415704443942e-04
4.069208424181154225e-04
4.047770973740279937e-04
4.026430567729068514e-04
4.005186711616604174e-04
3.984038912989337745e-04
3.962986681545933453e-04
3.942029529089969534e-04
3.921166969484076478e-04
3.900398518718481921e-04
3.879723694826712295e-04
3.859142017901572887e-04
3.838653010078692902e-04
3.818256195518252862e-04
3.797951100416961786e-04
3.777737253012153850e-04
3.757614183543383233e-04
3.737581424227479879e-04
3.717638509293095432e-04
3.697784974929007392e-04
3.678020359278961018e-04
3.658344202497538274e-04
3.638756046639794717e-04
3.619255435710965287e-04
3.599841915629160166e-04
3.580515034239379170e-04
3.561274341307137190e-04
3.542119388469495652e-04
3.523049729294349406e-04
3.504064919205230797e-04
3.485164515501053533e-04
3.466348077356672672e-04
3.447615165782925268e-04
3.428965343673031512e-04
3.410398175726661553e-04
3.391913228492853634e-04
3.373510070305127308e-04
3.355188271335219209e-04
3.336947403558558796e-04
3.318787040715676724e-04
3.300706758328906436e-04
3.282706133689438787e-04
3.264784745873168200e-04
3.246942175681587391e-04
3.229178005676610849e-04
3.211491820131268039e-04
3.193883205073445538e-04
3.176351748237543540e-04
3.158897039083389765e-04
3.141518668740205184e-04
3.124216230053953290e-04
3.106989317544170967e-04
3.089837527407564787e-04
3.072760457487840914e-04
3.055757707285219524e-04
3.038828877958527856e-04
3.021973572319940743e-04
3.005191394803908471e-04
2.988481951459175416e-04
2.971844849989254940e-04
2.955279699635949219e-04
2.938786111299091777e-04
2.922363697452307692e-04
2.906012072125809475e-04
2.889730850942686942e-04
2.873519651092103027e-04
2.857378091294740258e-04
2.841305791842100377e-04
2.825302374579371774e-04
2.809367462840413679e-04
2.793500681519125398e-04
2.777701657021524034e-04
2.761970017250880613e-04
2.746305391591554639e-04
2.730707410931365511e-04
2.715175707640096595e-04
2.699709915583799647e-04
2.684309670065930216e-04
2.668974607873968890e-04
2.653704367257300853e-04
2.638498587889074199e-04
2.623356910865912617e-04
2.608278978703849091e-04
2.593264435355736560e-04
2.578312926195169743e-04
2.563424097997618395e-04
2.548597598934804090e-04
2.533833078550494868e-04
2.519130187779148634e-04
2.504488578941249459e-04
2.489907905726503534e-04
2.475387823174505673e-04
2.460927987685588387e-04
2.446528056982894320e-04
2.432187690154477989e-04
2.417906547591717949e-04
2.403684291004654192e-04
2.389520583444132158e-04
2.375415089265211187e-04
2.361367474116151733e-04
2.347377404935922242e-04
2.333444549937953468e-04
2.319568578635940312e-04
2.305749161808498462e-04
2.291985971466172661e-04
2.278278680921588654e-04
2.264626964714662482e-04
2.251030498649470404e-04
2.237488959729708508e-04
2.224002026194155882e-04
2.210569377526415088e-04
2.197190694406903684e-04
2.183865658738682637e-04
2.170593953600584360e-04
2.157375263284633412e-04
2.144209273241448512e-04
2.131095670122383316e-04
2.118034141751434730e-04
2.105024377134368375e-04
2.092066066402614916e-04
2.079158900868454058e-04
2.066302572955875240e-04
2.053496776224788146e-04
2.040741205399710691e-04
2.028035556296521407e-04
2.015379525879261609e-04
2.002772812200608358e-04
1.990215114416764622e-04
1.977706132782209572e-04
1.965245568674319182e-04
1.952833124504351880e-04
1.940468503783756725e-04
1.928151411113693508e-04
1.915881552152377668e-04
1.903658633596498693e-04
1.891482363189680960e-04
1.879352449730521473e-04
1.867268603068307801e-04
1.855230534071450181e-04
1.843237954641960220e-04
1.831290577729572364e-04
1.819388117247515478e-04
1.807530288117781270e-04
1.795716806286670937e-04
1.783947388694338571e-04
1.772221753248453993e-04
1.760539618851246545e-04
1.748900705377622641e-04
1.737304733661371734e-04
1.725751425511874953e-04
1.714240503673331517e-04
1.702771691863108313e-04
1.691344714740726301e-04
1.679959297906345880e-04
1.668615167881273744e-04
1.657312052122644340e-04
1.646049678959396912e-04
1.634827777687997271e-04
1.623646078484523641e-04
1.612504312451128240e-04
1.601402211570936639e-04
1.590339508707178508e-04
1.579315937603920799e-04
1.568331232895003749e-04
1.557385130068061625e-04
1.546477365484223221e-04
1.535607676381005597e-04
1.524775800809382101e-04
1.513981477719433257e-04
1.503224446857126116e-04
1.492504448828190021e-04
1.481821225044517717e-04
1.471174517760112351e-04
1.460564070040688877e-04
1.449989625756432129e-04
1.439450929596649002e-04
1.428947727035957877e-04
1.418479764339043660e-04
1.408046788575029965e-04
1.397648547603978905e-04
1.387284790027395087e-04
1.376955265244662408e-04
1.366659723430857477e-04
1.356397915487606530e-04
1.346169593082279068e-04
1.335974508639268426e-04
1.325812415334870281e-04
1.315683067068743734e-04
1.305586218499410261e-04
1.295521624986458419e-04
1.285489042623600353e-04
1.275488228197746692e-04
1.265518939228273642e-04
1.255580933920989652e-04
1.245673971206139692e-04
1.235797810673014570e-04
1.225952212608212978e-04
1.216136937965565446e-04
1.206351748401655926e-04
1.196596406231447562e-04
1.186870674431975760e-04
1.177174316641639926e-04
1.167507097152825743e-04
1.157868780911030089e-04
1.148259133494320956e-04
1.138677921118791940e-04
1.129124910650865763e-04
1.119599869579336365e-04
1.110102566030616168e-04
1.100632768699907129e-04
1.091190246926918576e-04
1.081774770630203314e-04
1.072386110354674822e-04
1.063024037260425192e-04
1.053688323066644643e-04
1.044378740075749078e-04
1.035095061200389600e-04
1.025837059882852241e-04
1.016604510154956473e-04
1.007397186607377572e-04
9.982148643910371082e-05
9.890573192260739064e-05
9.799243273641230242e-05
9.708156656018139346e-05
9.617311112814119669e-05
9.526704422605364049e-05
9.436334369594672085e-05
9.346198742888464834e-05
9.256295336701849449e-05
9.166621950495498349e-05
9.077176388874285805e-05
8.987956461228234061e-05
8.898959982072588250e-05
8.810184770890746675e-05
8.721628651785040640e-05
8.633289454124855604e-05
8.545165011553916697e-05
8.457253162576507349e-05
8.369551750176499618e-05
8.282058622448545526e-05
8.194771631372784945e-05
8.107688633930882662e-05
8.020807491203862385e-05
7.934126068962330154e-05
7.847642237617922405e-05
7.761353871313568195e-05
7.675258848725130664e-05
7.589355052761359512e-05
7.503640370409645616e-05
7.418112692576639248e-05
7.332769914617088658e-05
7.247609935329817359e-05
7.162630657780484503e-05
7.077829988913879604e-05
6.993205839624096166e-05
6.908756124547798725e-05
6.824478762343667826e-05
6.740371675134699983e-05
6.656432788547660432e-05
6.572660032115194752e-05
6.489051338648666692e-05
6.405604644679698152e-05
6.322317889973747300e-05
6.239189017721787382e-05
6.156215974761025894e-05
6.073396711072923717e-05
5.990729179860312384e-05
5.908211337641318514e-05
5.825841144184781958e-05
5.743616562224229709e-05
5.661535557643803703e-05
5.579596099089953806e-05
5.497796158444672419e-05
5.416133710432715807e-05
5.334606732604614651e-05
5.253213205611264518e-05
5.171951112593587790e-05
5.090818439696679287e-05
5.009813175302068466e-05
4.928933310651827538e-05
4.848176839341362032e-05
4.767541757878135416e-05
4.687026064964822401e-05
4.606627762178749306e-05
4.526344853124762853e-05
4.446175343783109990e-05
4.366117242383044306e-05
4.286168559503629737e-05
4.206327308212260259e-05
4.126591503179945501e-05
4.046959161827395787e-05
3.967428303082635543e-05
3.887996948091125907e-05
3.808663119926296975e-05
3.729424843580828790e-05
3.650280146174264529e-05
3.571227056075600251e-05
3.492263603990608891e-05
3.413387821892862998e-05
3.334597743537454117e-05
3.255891404579619415e-05
3.177266842026667997e-05
3.098722094460274877e-05
3.020255201841839585e-05
2.941864205809889931e-05
2.863547149023906258e-05
2.785302075530611684e-05
2.707127031109053669e-05
2.629020062335179450e-05
2.550979217179423885e-05
2.473002544535450134e-05
2.395088094826854292e-05
2.317233919175301781e-05
2.239438069883645130e-05
2.161698599913403239e-05
2.084013563802221392e-05
2.006381016332577034e-05
1.928799013290530883e-05
1.851265611386734665e-05
1.773778867696175067e-05
1.696336840320434916e-05
1.618937587447600107e-05
1.541579168461988642e-05
1.464259642900510492e-05
1.386977070992920797e-05
1.309729513345897917e-05
1.232515030751811185e-05
1.155331684500255720e-05
1.078177536145912376e-05
1.001050647408216865e-05
9.239490804614329601e-06
8.468708976553064518e-06
7.698141610434695609e-06
6.927769327167683078e-06
6.157572750135617350e-06
5.387532503282396062e-06
4.617629207484189674e-06
3.847843485089277180e-06
3.078155954700170686e-06
2.308547230474584109e-06
1.538997924078321209e-06
7.694886454573522620e-07
0.000000000000000000e+00
